0 2.459217e-01
5.000000e-02 4.728456e-01
1.000000e-01 4.653177e-01
1.500000e-01 4.534605e-01
2.000000e-01 4.376455e-01
2.500000e-01 4.183385e-01
3.000000e-01 3.960582e-01
3.500000e-01 3.713391e-01
4.000000e-01 3.447051e-01
4.500000e-01 3.166516e-01
5.000000e-01 2.876363e-01
5.500000e-01 2.580757e-01
6.000000e-01 2.283455e-01
6.500000e-01 1.987826e-01
7.000000e-01 1.696883e-01
7.500000e-01 1.413322e-01
8.000000e-01 1.139554e-01
8.500000e-01 8.777335e-02
9.000000e-01 6.297889e-02
9.500000e-01 3.974417e-02
1.000000e+00 1.822268e-02
1.050000e+00 1.449339e-03
1.100000e+00 1.915162e-02
1.150000e+00 3.477894e-02
1.200000e+00 4.824039e-02
1.250000e+00 5.945878e-02
1.300000e+00 6.837023e-02
1.350000e+00 7.492389e-02
1.400000e+00 7.908174e-02
1.450000e+00 8.081853e-02
1.500000e+00 8.012175e-02
1.550000e+00 7.699176e-02
1.600000e+00 7.144196e-02
1.650000e+00 6.349904e-02
1.700000e+00 5.320338e-02
1.750000e+00 4.060951e-02
1.800000e+00 2.578677e-02
1.850000e+00 8.820065e-03
1.900000e+00 1.018916e-02
1.950000e+00 3.112167e-02
2.000000e+00 5.383903e-02
2.050000e+00 7.818169e-02
2.100000e+00 1.039668e-01
2.150000e+00 1.309856e-01
2.200000e+00 1.590002e-01
2.250000e+00 1.877398e-01
2.300000e+00 2.168966e-01
2.350000e+00 2.461215e-01
2.400000e+00 2.750194e-01
2.450000e+00 3.031456e-01
2.500000e+00 3.300044e-01
2.550000e+00 3.550507e-01
2.600000e+00 3.776985e-01
2.650000e+00 3.973374e-01
2.700000e+00 4.133611e-01
2.750000e+00 4.252067e-01
2.800000e+00 4.324030e-01
2.850000e+00 4.346196e-01
2.900000e+00 4.317050e-01
2.950000e+00 4.237055e-01
3.000000e+00 4.108564e-01
3.050000e+00 3.935514e-01
3.100000e+00 3.722965e-01
3.150000e+00 3.476622e-01
3.200000e+00 3.202408e-01
3.250000e+00 2.906153e-01
3.300000e+00 2.593379e-01
3.350000e+00 2.269197e-01
3.400000e+00 1.938262e-01
3.450000e+00 1.604771e-01
3.500000e+00 1.272490e-01
3.550000e+00 9.447930e-02
3.600000e+00 6.246987e-02
3.650000e+00 3.149102e-02
3.700000e+00 1.784977e-03
3.750000e+00 2.643122e-02
3.800000e+00 5.296314e-02
3.850000e+00 7.763693e-02
3.900000e+00 1.002976e-01
3.950000e+00 1.208079e-01
4.000000e+00 1.390468e-01
4.050000e+00 1.549093e-01
4.100000e+00 1.683052e-01
4.150000e+00 1.791592e-01
4.200000e+00 1.874102e-01
4.250000e+00 1.930114e-01
4.300000e+00 1.959299e-01
4.350000e+00 1.961472e-01
4.400000e+00 1.936587e-01
4.450000e+00 1.884746e-01
4.500000e+00 1.806196e-01
4.550000e+00 1.701337e-01
4.600000e+00 1.570724e-01
4.650000e+00 1.415079e-01
4.700000e+00 1.235293e-01
4.750000e+00 1.032441e-01
4.800000e+00 8.077943e-02
4.850000e+00 5.628338e-02
4.900000e+00 2.992720e-02
4.950000e+00 1.907518e-03
5.000000e+00 2.755079e-02
5.050000e+00 5.819127e-02
5.100000e+00 8.972196e-02
5.150000e+00 1.218109e-01
5.200000e+00 1.540815e-01
5.250000e+00 1.861075e-01
5.300000e+00 2.174086e-01
5.350000e+00 2.474489e-01
5.400000e+00 2.756373e-01
5.450000e+00 3.013350e-01
5.500000e+00 3.238724e-01
5.550000e+00 3.425762e-01
5.600000e+00 3.568110e-01
5.650000e+00 3.660298e-01
5.700000e+00 3.698286e-01
5.750000e+00 3.679923e-01
5.800000e+00 3.605204e-01
5.850000e+00 3.476254e-01
5.900000e+00 3.297037e-01
5.950000e+00 3.072888e-01
6.000000e+00 2.809979e-01
6.050000e+00 2.514836e-01
6.100000e+00 2.193957e-01
6.150000e+00 1.853558e-01
6.200000e+00 1.499423e-01
6.250000e+00 1.136843e-01
6.300000e+00 7.705993e-02
6.350000e+00 4.049930e-02
6.400000e+00 4.387575e-03
6.450000e+00 3.093044e-02
6.500000e+00 6.514614e-02
6.550000e+00 9.798325e-02
6.600000e+00 1.291944e-01
6.650000e+00 1.585583e-01
6.700000e+00 1.858774e-01
6.750000e+00 2.109757e-01
6.800000e+00 2.336977e-01
6.850000e+00 2.539066e-01
6.900000e+00 2.714839e-01
6.950000e+00 2.863280e-01
7.000000e+00 2.983545e-01
7.050000e+00 3.074951e-01
7.100000e+00 3.136977e-01
7.150000e+00 3.169262e-01
7.200000e+00 3.171607e-01
7.250000e+00 3.143971e-01
7.300000e+00 3.086477e-01
7.350000e+00 2.999416e-01
7.400000e+00 2.883246e-01
7.450000e+00 2.738600e-01
7.500000e+00 2.566296e-01
7.550000e+00 2.367339e-01
7.600000e+00 2.142937e-01
7.650000e+00 1.894513e-01
7.700000e+00 1.623719e-01
7.750000e+00 1.332457e-01
7.800000e+00 1.022906e-01
7.850000e+00 6.975475e-02
7.900000e+00 3.592003e-02
7.950000e+00 1.106309e-03
8.000000e+00 3.432416e-02
8.050000e+00 6.996174e-02
8.100000e+00 1.053445e-01
8.150000e+00 1.399541e-01
8.200000e+00 1.732132e-01
8.250000e+00 2.044873e-01
8.300000e+00 2.330921e-01
8.350000e+00 2.583112e-01
8.400000e+00 2.794246e-01
8.450000e+00 2.957520e-01
8.500000e+00 3.067060e-01
8.550000e+00 3.118499e-01
8.600000e+00 3.109468e-01
8.650000e+00 3.039886e-01
8.700000e+00 2.911960e-01
8.750000e+00 2.729897e-01
8.800000e+00 2.499409e-01
8.850000e+00 2.227151e-01
8.900000e+00 1.920190e-01
8.950000e+00 1.585588e-01
9.000000e+00 1.230116e-01
9.050000e+00 8.600845e-02
9.100000e+00 4.812628e-02
9.150000e+00 9.886661e-03
9.200000e+00 2.824243e-02
9.250000e+00 6.584268e-02
9.300000e+00 1.025409e-01
9.350000e+00 1.380042e-01
9.400000e+00 1.719363e-01
9.450000e+00 2.040730e-01
9.500000e+00 2.341798e-01
9.550000e+00 2.620483e-01
9.600000e+00 2.874951e-01
9.650000e+00 3.103590e-01
9.700000e+00 3.305001e-01
9.750000e+00 3.477988e-01
9.800000e+00 3.621543e-01
9.850000e+00 3.734846e-01
9.900000e+00 3.817254e-01
9.950000e+00 3.868303e-01
1.000000e+01 3.887698e-01
1.005000e+01 3.875321e-01
1.010000e+01 3.831222e-01
1.015000e+01 3.755624e-01
1.020000e+01 3.648924e-01
1.025000e+01 3.511696e-01
1.030000e+01 3.344694e-01
1.035000e+01 3.148858e-01
1.040000e+01 2.925320e-01
1.045000e+01 2.675417e-01
1.050000e+01 2.400697e-01
1.055000e+01 2.102937e-01
1.060000e+01 1.784162e-01
1.065000e+01 1.446664e-01
1.070000e+01 1.093034e-01
1.075000e+01 7.261906e-02
1.080000e+01 3.494213e-02
1.085000e+01 3.357299e-03
1.090000e+01 4.186286e-02
1.095000e+01 8.010689e-02
1.100000e+01 1.175659e-01
1.105000e+01 1.536575e-01
1.110000e+01 1.877413e-01
1.115000e+01 2.191250e-01
1.120000e+01 2.470801e-01
1.125000e+01 2.708699e-01
1.130000e+01 2.897917e-01
1.135000e+01 3.032310e-01
1.140000e+01 3.107222e-01
1.145000e+01 3.120031e-01
1.150000e+01 3.070488e-01
1.155000e+01 2.960761e-01
1.160000e+01 2.795154e-01
1.165000e+01 2.579605e-01
1.170000e+01 2.321070e-01
1.175000e+01 2.026959e-01
1.180000e+01 1.704669e-01
1.185000e+01 1.361272e-01
1.190000e+01 1.003329e-01
1.195000e+01 6.368094e-02
1.200000e+01 2.670690e-02
1.205000e+01 1.011195e-02
1.210000e+01 4.635248e-02
1.215000e+01 8.164037e-02
1.220000e+01 1.156449e-01
1.225000e+01 1.480744e-01
1.230000e+01 1.786714e-01
1.235000e+01 2.072099e-01
1.240000e+01 2.334917e-01
1.245000e+01 2.573440e-01
1.250000e+01 2.786177e-01
1.255000e+01 2.971854e-01
1.260000e+01 3.129402e-01
1.265000e+01 3.257944e-01
1.270000e+01 3.356792e-01
1.275000e+01 3.425434e-01
1.280000e+01 3.463530e-01
1.285000e+01 3.470914e-01
1.290000e+01 3.447581e-01
1.295000e+01 3.393695e-01
1.300000e+01 3.309580e-01
1.305000e+01 3.195728e-01
1.310000e+01 3.052792e-01
1.315000e+01 2.881597e-01
1.320000e+01 2.683135e-01
1.325000e+01 2.458579e-01
1.330000e+01 2.209282e-01
1.335000e+01 1.936792e-01
1.340000e+01 1.642862e-01
1.345000e+01 1.329466e-01
1.350000e+01 9.988162e-02
1.355000e+01 6.533873e-02
1.360000e+01 2.959452e-02
1.365000e+01 7.042049e-03
1.370000e+01 4.422581e-02
1.375000e+01 8.157114e-02
1.380000e+01 1.186477e-01
1.385000e+01 1.549765e-01
1.390000e+01 1.900273e-01
1.395000e+01 2.232192e-01
1.400000e+01 2.539257e-01
1.405000e+01 2.814884e-01
1.410000e+01 3.052397e-01
1.415000e+01 3.245395e-01
1.420000e+01 3.388221e-01
1.425000e+01 3.476497e-01
1.430000e+01 3.507622e-01
1.435000e+01 3.481111e-01
1.440000e+01 3.398676e-01
1.445000e+01 3.264027e-01
1.450000e+01 3.082442e-01
1.455000e+01 2.860226e-01
1.460000e+01 2.604185e-01
1.465000e+01 2.321181e-01
1.470000e+01 2.017818e-01
1.475000e+01 1.700253e-01
1.480000e+01 1.374098e-01
1.485000e+01 1.044399e-01
1.490000e+01 7.156441e-02
1.495000e+01 3.918087e-02
1.500000e+01 7.639942e-03
1.505000e+01 2.274964e-02
1.510000e+01 5.171646e-02
1.515000e+01 7.902237e-02
1.520000e+01 1.044590e-01
1.525000e+01 1.278445e-01
1.530000e+01 1.490216e-01
1.535000e+01 1.678550e-01
1.540000e+01 1.842299e-01
1.545000e+01 1.980508e-01
1.550000e+01 2.092401e-01
1.555000e+01 2.177372e-01
1.560000e+01 2.234983e-01
1.565000e+01 2.264950e-01
1.570000e+01 2.267144e-01
1.575000e+01 2.241588e-01
1.580000e+01 2.188451e-01
1.585000e+01 2.108051e-01
1.590000e+01 2.000851e-01
1.595000e+01 1.867461e-01
1.600000e+01 1.708640e-01
1.605000e+01 1.525301e-01
1.610000e+01 1.318511e-01
1.615000e+01 1.089499e-01
1.620000e+01 8.396667e-02
1.625000e+01 5.705952e-02
1.630000e+01 2.840607e-02
1.635000e+01 1.794962e-03
1.640000e+01 3.332164e-02
1.645000e+01 6.592635e-02
1.650000e+01 9.933275e-02
1.655000e+01 1.332324e-01
1.660000e+01 1.672808e-01
1.665000e+01 2.010937e-01
1.670000e+01 2.342430e-01
1.675000e+01 2.662549e-01
1.680000e+01 2.966091e-01
1.685000e+01 3.247435e-01
1.690000e+01 3.500655e-01
1.695000e+01 3.719719e-01
1.700000e+01 3.898807e-01
1.705000e+01 4.032732e-01
1.710000e+01 4.117424e-01
1.715000e+01 4.150388e-01
1.720000e+01 4.131031e-01
1.725000e+01 4.060756e-01
1.730000e+01 3.942797e-01
1.735000e+01 3.781847e-01
1.740000e+01 3.583564e-01
1.745000e+01 3.354092e-01
1.750000e+01 3.099645e-01
1.755000e+01 2.826221e-01
1.760000e+01 2.539416e-01
1.765000e+01 2.244338e-01
1.770000e+01 1.945576e-01
1.775000e+01 1.647216e-01
1.780000e+01 1.352874e-01
1.785000e+01 1.065741e-01
1.790000e+01 7.886282e-02
1.795000e+01 5.240062e-02
1.800000e+01 2.740450e-02
1.805000e+01 4.064611e-03
1.810000e+01 1.745303e-02
1.815000e+01 3.700419e-02
1.820000e+01 5.446459e-02
1.825000e+01 6.972831e-02
1.830000e+01 8.270654e-02
1.835000e+01 9.332657e-02
1.840000e+01 1.015310e-01
1.845000e+01 1.072768e-01
1.850000e+01 1.105355e-01
1.855000e+01 1.112918e-01
1.860000e+01 1.095441e-01
1.865000e+01 1.053038e-01
1.870000e+01 9.859565e-02
1.875000e+01 8.945711e-02
1.880000e+01 7.793890e-02
1.885000e+01 6.410500e-02
1.890000e+01 4.803288e-02
1.895000e+01 2.981396e-02
1.900000e+01 9.554126e-03
1.905000e+01 1.262554e-02
1.910000e+01 3.658782e-02
1.915000e+01 6.217816e-02
1.920000e+01 8.922318e-02
1.925000e+01 1.175288e-01
1.930000e+01 1.468780e-01
1.935000e+01 1.770281e-01
1.940000e+01 2.077076e-01
1.945000e+01 2.386125e-01
1.950000e+01 2.694027e-01
1.955000e+01 2.996983e-01
1.960000e+01 3.290764e-01
1.965000e+01 3.570702e-01
1.970000e+01 3.831718e-01
1.975000e+01 4.068398e-01
1.980000e+01 4.275161e-01
1.985000e+01 4.446523e-01
1.990000e+01 4.577469e-01
1.995000e+01 4.663899e-01
2.000000e+01 4.703078e-01
2.005000e+01 4.693982e-01
2.010000e+01 4.637444e-01
2.015000e+01 4.536064e-01
2.020000e+01 4.393888e-01
2.025000e+01 4.215965e-01
2.030000e+01 4.007889e-01
2.035000e+01 3.775393e-01
2.040000e+01 3.524055e-01
2.045000e+01 3.259107e-01
2.050000e+01 2.985341e-01
2.055000e+01 2.707074e-01
2.060000e+01 2.428154e-01
2.065000e+01 2.151992e-01
2.070000e+01 1.881601e-01
2.075000e+01 1.619637e-01
2.080000e+01 1.368442e-01
2.085000e+01 1.130077e-01
2.090000e+01 9.063521e-02
2.095000e+01 6.988555e-02
2.100000e+01 5.089734e-02
2.105000e+01 3.379083e-02
2.110000e+01 1.866934e-02
2.115000e+01 5.620474e-03
2.120000e+01 5.282968e-03
2.125000e+01 1.398221e-02
2.130000e+01 2.043189e-02
2.135000e+01 2.459964e-02
2.140000e+01 2.646568e-02
2.145000e+01 2.602259e-02
2.150000e+01 2.327515e-02
2.155000e+01 1.824027e-02
2.160000e+01 1.094693e-02
2.165000e+01 1.436357e-03
2.170000e+01 1.023788e-02
2.175000e+01 2.400954e-02
2.180000e+01 3.979936e-02
2.185000e+01 5.751447e-02
2.190000e+01 7.704776e-02
2.195000e+01 9.827694e-02
2.200000e+01 1.210635e-01
2.205000e+01 1.452512e-01
2.210000e+01 1.706644e-01
2.215000e+01 1.971061e-01
2.220000e+01 2.243554e-01
2.225000e+01 2.521645e-01
2.230000e+01 2.802556e-01
2.235000e+01 3.083172e-01
2.240000e+01 3.360014e-01
2.245000e+01 3.629202e-01
2.250000e+01 3.886453e-01
2.255000e+01 4.127095e-01
2.260000e+01 4.346139e-01
2.265000e+01 4.538417e-01
2.270000e+01 4.698812e-01
2.275000e+01 4.822582e-01
2.280000e+01 4.905760e-01
2.285000e+01 4.945556e-01
2.290000e+01 4.940696e-01
2.295000e+01 4.891587e-01
2.300000e+01 4.800274e-01
2.305000e+01 4.670185e-01
2.310000e+01 4.505758e-01
2.315000e+01 4.312021e-01
2.320000e+01 4.094217e-01
2.325000e+01 3.857515e-01
2.330000e+01 3.606819e-01
2.335000e+01 3.346661e-01
2.340000e+01 3.081153e-01
2.345000e+01 2.813986e-01
2.350000e+01 2.548453e-01
2.355000e+01 2.287476e-01
2.360000e+01 2.033647e-01
2.365000e+01 1.789262e-01
2.370000e+01 1.556351e-01
2.375000e+01 1.336712e-01
2.380000e+01 1.131929e-01
2.385000e+01 9.433967e-02
2.390000e+01 7.723357e-02
2.395000e+01 6.198055e-02
2.400000e+01 4.867163e-02
2.405000e+01 3.738377e-02
2.410000e+01 2.818056e-02
2.415000e+01 2.111279e-02
2.420000e+01 1.621884e-02
2.425000e+01 1.352503e-02
2.430000e+01 1.304579e-02
2.435000e+01 1.478382e-02
2.440000e+01 1.873014e-02
2.445000e+01 2.486403e-02
2.450000e+01 3.315295e-02
2.455000e+01 4.355231e-02
2.460000e+01 5.600519e-02
2.465000e+01 7.044194e-02
2.470000e+01 8.677959e-02
2.475000e+01 1.049212e-01
2.480000e+01 1.247549e-01
2.485000e+01 1.461528e-01
2.490000e+01 1.689697e-01
2.495000e+01 1.930412e-01
2.500000e+01 2.181815e-01
2.505000e+01 2.441816e-01
2.510000e+01 2.708052e-01
2.515000e+01 2.977866e-01
2.520000e+01 3.248262e-01
2.525000e+01 3.515872e-01
2.530000e+01 3.776925e-01
2.535000e+01 4.027228e-01
2.540000e+01 4.262177e-01
2.545000e+01 4.476816e-01
2.550000e+01 4.665958e-01
2.555000e+01 4.824406e-01
2.560000e+01 4.947269e-01
2.565000e+01 5.030359e-01
2.570000e+01 5.070613e-01
2.575000e+01 5.066455e-01
2.580000e+01 5.017999e-01
2.585000e+01 4.927031e-01
2.590000e+01 4.796779e-01
2.595000e+01 4.631539e-01
2.600000e+01 4.436251e-01
2.605000e+01 4.216113e-01
2.610000e+01 3.976276e-01
2.615000e+01 3.721643e-01
2.620000e+01 3.456757e-01
2.625000e+01 3.185747e-01
2.630000e+01 2.912328e-01
2.635000e+01 2.639818e-01
2.640000e+01 2.371169e-01
2.645000e+01 2.109006e-01
2.650000e+01 1.855661e-01
2.655000e+01 1.613206e-01
2.660000e+01 1.383481e-01
2.665000e+01 1.168120e-01
2.670000e+01 9.685675e-02
2.675000e+01 7.860985e-02
2.680000e+01 6.218300e-02
2.685000e+01 4.767322e-02
2.690000e+01 3.516373e-02
2.695000e+01 2.472456e-02
2.700000e+01 1.641312e-02
2.705000e+01 1.027455e-02
2.710000e+01 6.342017e-03
2.715000e+01 4.636871e-03
2.720000e+01 5.168765e-03
2.725000e+01 7.935654e-03
2.730000e+01 1.292373e-02
2.735000e+01 2.010729e-02
2.740000e+01 2.944848e-02
2.745000e+01 4.089698e-02
2.750000e+01 5.438959e-02
2.755000e+01 6.984963e-02
2.760000e+01 8.718620e-02
2.765000e+01 1.062933e-01
2.770000e+01 1.270487e-01
2.775000e+01 1.493126e-01
2.780000e+01 1.729256e-01
2.785000e+01 1.977070e-01
2.790000e+01 2.234522e-01
2.795000e+01 2.499293e-01
2.800000e+01 2.768765e-01
2.805000e+01 3.039976e-01
2.810000e+01 3.309585e-01
2.815000e+01 3.573836e-01
2.820000e+01 3.828537e-01
2.825000e+01 4.069055e-01
2.830000e+01 4.290363e-01
2.835000e+01 4.487149e-01
2.840000e+01 4.654011e-01
2.845000e+01 4.785759e-01
2.850000e+01 4.877806e-01
2.855000e+01 4.926606e-01
2.860000e+01 4.930054e-01
2.865000e+01 4.887745e-01
2.870000e+01 4.801020e-01
2.875000e+01 4.672787e-01
2.880000e+01 4.507163e-01
2.885000e+01 4.309046e-01
2.890000e+01 4.083706e-01
2.895000e+01 3.836444e-01
2.900000e+01 3.572365e-01
2.905000e+01 3.296232e-01
2.910000e+01 3.012406e-01
2.915000e+01 2.724824e-01
2.920000e+01 2.437018e-01
2.925000e+01 2.152142e-01
2.930000e+01 1.873007e-01
2.935000e+01 1.602122e-01
2.940000e+01 1.341721e-01
2.945000e+01 1.093798e-01
2.950000e+01 8.601302e-02
2.955000e+01 6.422982e-02
2.960000e+01 4.417052e-02
2.965000e+01 2.595901e-02
2.970000e+01 9.703870e-03
2.975000e+01 4.500719e-03
2.980000e+01 1.657430e-02
2.985000e+01 2.644964e-02
2.990000e+01 3.407228e-02
2.995000e+01 3.940037e-02
3.000000e+01 4.240443e-02
3.005000e+01 4.306732e-02
3.010000e+01 4.138423e-02
3.015000e+01 3.736281e-02
3.020000e+01 3.102336e-02
3.025000e+01 2.239907e-02
3.030000e+01 1.153645e-02
3.035000e+01 1.504229e-03
3.040000e+01 1.664824e-02
3.045000e+01 3.380565e-02
3.050000e+01 5.287030e-02
3.055000e+01 7.371862e-02
3.060000e+01 9.620806e-02
3.065000e+01 1.201753e-01
3.070000e+01 1.454340e-01
3.075000e+01 1.717722e-01
3.080000e+01 1.989492e-01
3.085000e+01 2.266918e-01
3.090000e+01 2.546906e-01
3.095000e+01 2.825960e-01
3.100000e+01 3.100142e-01
3.105000e+01 3.365048e-01
3.110000e+01 3.615807e-01
3.115000e+01 3.847122e-01
3.120000e+01 4.053377e-01
3.125000e+01 4.228835e-01
3.130000e+01 4.367944e-01
3.135000e+01 4.465732e-01
3.140000e+01 4.518265e-01
3.145000e+01 4.523066e-01
3.150000e+01 4.479412e-01
3.155000e+01 4.388412e-01
3.160000e+01 4.252848e-01
3.165000e+01 4.076831e-01
3.170000e+01 3.865370e-01
3.175000e+01 3.623936e-01
3.180000e+01 3.358099e-01
3.185000e+01 3.073273e-01
3.190000e+01 2.774552e-01
3.195000e+01 2.466628e-01
3.200000e+01 2.153763e-01
3.205000e+01 1.839800e-01
3.210000e+01 1.528185e-01
3.215000e+01 1.222008e-01
3.220000e+01 9.240305e-02
3.225000e+01 6.367303e-02
3.230000e+01 3.623246e-02
3.235000e+01 1.027996e-02
3.240000e+01 1.400676e-02
3.245000e+01 3.646913e-02
3.250000e+01 5.696619e-02
3.255000e+01 7.537341e-02
3.260000e+01 9.158180e-02
3.265000e+01 1.054972e-01
3.270000e+01 1.170396e-01
3.275000e+01 1.261430e-01
3.280000e+01 1.327550e-01
3.285000e+01 1.368366e-01
3.290000e+01 1.383622e-01
3.295000e+01 1.373197e-01
3.300000e+01 1.337108e-01
3.305000e+01 1.275506e-01
3.310000e+01 1.188687e-01
3.315000e+01 1.077091e-01
3.320000e+01 9.413096e-02
3.325000e+01 7.820931e-02
3.330000e+01 6.003584e-02
3.335000e+01 3.972007e-02
3.340000e+01 1.739065e-02
3.345000e+01 6.802961e-03
3.350000e+01 3.268849e-02
3.355000e+01 6.006839e-02
3.360000e+01 8.871692e-02
3.365000e+01 1.183766e-01
3.370000e+01 1.487543e-01
3.375000e+01 1.795166e-01
3.380000e+01 2.102849e-01
3.385000e+01 2.406310e-01
3.390000e+01 2.700736e-01
3.395000e+01 2.980767e-01
3.400000e+01 3.240526e-01
3.405000e+01 3.473727e-01
3.410000e+01 3.673871e-01
3.415000e+01 3.834569e-01
3.420000e+01 3.949987e-01
3.425000e+01 4.015368e-01
3.430000e+01 4.027541e-01
3.435000e+01 3.985297e-01
3.440000e+01 3.889533e-01
3.445000e+01 3.743107e-01
3.450000e+01 3.550470e-01
3.455000e+01 3.317165e-01
3.460000e+01 3.049322e-01
3.465000e+01 2.753227e-01
3.470000e+01 2.435008e-01
3.475000e+01 2.100442e-01
3.480000e+01 1.754854e-01
3.485000e+01 1.403080e-01
3.490000e+01 1.049477e-01
3.495000e+01 6.979519e-02
3.500000e+01 3.520040e-02
3.505000e+01 1.476514e-03
3.510000e+01 3.109597e-02
3.515000e+01 6.226571e-02
3.520000e+01 9.180741e-02
3.525000e+01 1.195194e-01
3.530000e+01 1.452214e-01
3.535000e+01 1.687529e-01
3.540000e+01 1.899719e-01
3.545000e+01 2.087537e-01
3.550000e+01 2.249904e-01
3.555000e+01 2.385898e-01
3.560000e+01 2.494754e-01
3.565000e+01 2.575859e-01
3.570000e+01 2.628753e-01
3.575000e+01 2.653124e-01
3.580000e+01 2.648812e-01
3.585000e+01 2.615810e-01
3.590000e+01 2.554265e-01
3.595000e+01 2.464481e-01
3.600000e+01 2.346927e-01
3.605000e+01 2.202239e-01
3.610000e+01 2.031230e-01
3.615000e+01 1.834896e-01
3.620000e+01 1.614433e-01
3.625000e+01 1.371244e-01
3.630000e+01 1.106962e-01
3.635000e+01 8.234671e-02
3.640000e+01 5.229146e-02
3.645000e+01 2.077641e-02
3.650000e+01 1.191845e-02
3.655000e+01 4.547484e-02
3.660000e+01 7.953155e-02
3.665000e+01 1.136794e-01
3.670000e+01 1.474564e-01
3.675000e+01 1.803438e-01
3.680000e+01 2.117644e-01
3.685000e+01 2.410852e-01
3.690000e+01 2.676274e-01
3.695000e+01 2.906855e-01
3.700000e+01 3.095602e-01
3.705000e+01 3.236037e-01
3.710000e+01 3.322743e-01
3.715000e+01 3.351923e-01
3.720000e+01 3.321842e-01
3.725000e+01 3.233036e-01
3.730000e+01 3.088222e-01
3.735000e+01 2.891947e-01
3.740000e+01 2.650074e-01
3.745000e+01 2.369225e-01
3.750000e+01 2.056293e-01
3.755000e+01 1.718073e-01
3.760000e+01 1.361019e-01
3.765000e+01 9.911083e-02
3.770000e+01 6.137913e-02
3.775000e+01 2.339845e-02
3.780000e+01 1.439000e-02
3.785000e+01 5.159147e-02
3.790000e+01 8.785308e-02
3.795000e+01 1.228595e-01
3.800000e+01 1.563290e-01
3.805000e+01 1.880099e-01
3.810000e+01 2.176777e-01
3.815000e+01 2.451328e-01
3.820000e+01 2.701982e-01
3.825000e+01 2.927183e-01
3.830000e+01 3.125576e-01
3.835000e+01 3.295994e-01
3.840000e+01 3.437453e-01
3.845000e+01 3.549147e-01
3.850000e+01 3.630444e-01
3.855000e+01 3.680880e-01
3.860000e+01 3.700163e-01
3.865000e+01 3.688167e-01
3.870000e+01 3.644938e-01
3.875000e+01 3.570692e-01
3.880000e+01 3.465819e-01
3.885000e+01 3.330886e-01
3.890000e+01 3.166644e-01
3.895000e+01 2.974036e-01
3.900000e+01 2.754199e-01
3.905000e+01 2.508484e-01
3.910000e+01 2.238462e-01
3.915000e+01 1.945946e-01
3.920000e+01 1.633009e-01
3.925000e+01 1.302008e-01
3.930000e+01 9.556172e-02
3.935000e+01 5.968631e-02
3.940000e+01 2.291651e-02
3.945000e+01 1.436169e-02
3.950000e+01 5.171325e-02
3.955000e+01 8.864922e-02
3.960000e+01 1.246229e-01
3.965000e+01 1.590282e-01
3.970000e+01 1.912026e-01
3.975000e+01 2.204370e-01
3.980000e+01 2.459960e-01
3.985000e+01 2.671514e-01
3.990000e+01 2.832284e-01
3.995000e+01 2.936630e-01
4.000000e+01 2.980595e-01
4.005000e+01 2.962379e-01
4.010000e+01 2.882560e-01
4.015000e+01 2.744020e-01
4.020000e+01 2.551585e-01
4.025000e+01 2.311478e-01
4.030000e+01 2.030739e-01
4.035000e+01 1.716701e-01
4.040000e+01 1.376591e-01
4.045000e+01 1.017265e-01
4.050000e+01 6.450640e-02
4.055000e+01 2.657523e-02
4.060000e+01 1.154868e-02
4.065000e+01 4.940215e-02
4.070000e+01 8.657283e-02
4.075000e+01 1.226942e-01
4.080000e+01 1.574410e-01
4.085000e+01 1.905244e-01
4.090000e+01 2.216889e-01
4.095000e+01 2.507084e-01
4.100000e+01 2.773839e-01
4.105000e+01 3.015411e-01
4.110000e+01 3.230288e-01
4.115000e+01 3.417172e-01
4.120000e+01 3.574969e-01
4.125000e+01 3.702778e-01
4.130000e+01 3.799885e-01
4.135000e+01 3.865759e-01
4.140000e+01 3.900043e-01
4.145000e+01 3.902556e-01
4.150000e+01 3.873288e-01
4.155000e+01 3.812401e-01
4.160000e+01 3.720227e-01
4.165000e+01 3.597272e-01
4.170000e+01 3.444216e-01
4.175000e+01 3.261916e-01
4.180000e+01 3.051413e-01
4.185000e+01 2.813940e-01
4.190000e+01 2.550926e-01
4.195000e+01 2.264010e-01
4.200000e+01 1.955059e-01
4.205000e+01 1.626178e-01
4.210000e+01 1.279739e-01
4.215000e+01 9.184067e-02
4.220000e+01 5.451700e-02
4.225000e+01 1.633811e-02
4.230000e+01 2.231998e-02
4.235000e+01 6.103570e-02
4.240000e+01 9.933711e-02
4.245000e+01 1.366978e-01
4.250000e+01 1.725347e-01
4.255000e+01 2.062098e-01
4.260000e+01 2.370378e-01
4.265000e+01 2.643043e-01
4.270000e+01 2.872956e-01
4.275000e+01 3.053428e-01
4.280000e+01 3.178770e-01
4.285000e+01 3.244880e-01
4.290000e+01 3.249744e-01
4.295000e+01 3.193710e-01
4.300000e+01 3.079456e-01
4.305000e+01 2.911664e-01
4.310000e+01 2.696479e-01
4.315000e+01 2.440912e-01
4.320000e+01 2.152298e-01
4.325000e+01 1.837867e-01
4.330000e+01 1.504472e-01
4.335000e+01 1.158426e-01
4.340000e+01 8.054407e-02
4.345000e+01 4.506223e-02
4.350000e+01 9.850300e-03
4.355000e+01 2.469115e-02
4.360000e+01 5.820890e-02
4.365000e+01 9.039193e-02
4.370000e+01 1.209667e-01
4.375000e+01 1.496931e-01
4.380000e+01 1.763609e-01
4.385000e+01 2.007869e-01
4.390000e+01 2.228125e-01
4.395000e+01 2.423016e-01
4.400000e+01 2.591392e-01
4.405000e+01 2.732300e-01
4.410000e+01 2.844973e-01
4.415000e+01 2.928822e-01
4.420000e+01 2.983430e-01
4.425000e+01 3.008545e-01
4.430000e+01 3.004077e-01
4.435000e+01 2.970097e-01
4.440000e+01 2.906829e-01
4.445000e+01 2.814658e-01
4.450000e+01 2.694123e-01
4.455000e+01 2.545921e-01
4.460000e+01 2.370908e-01
4.465000e+01 2.170105e-01
4.470000e+01 1.944701e-01
4.475000e+01 1.696062e-01
4.480000e+01 1.425737e-01
4.485000e+01 1.135474e-01
4.490000e+01 8.272328e-02
4.495000e+01 5.032052e-02
4.500000e+01 1.658364e-02
4.505000e+01 1.821462e-02
4.510000e+01 5.377000e-02
4.515000e+01 8.974304e-02
4.520000e+01 1.257550e-01
4.525000e+01 1.613839e-01
4.530000e+01 1.961608e-01
4.535000e+01 2.295684e-01
4.540000e+01 2.610419e-01
4.545000e+01 2.899758e-01
4.550000e+01 3.157387e-01
4.555000e+01 3.376980e-01
4.560000e+01 3.552571e-01
4.565000e+01 3.679023e-01
4.570000e+01 3.752531e-01
4.575000e+01 3.771076e-01
4.580000e+01 3.734696e-01
4.585000e+01 3.645499e-01
4.590000e+01 3.507414e-01
4.595000e+01 3.325757e-01
4.600000e+01 3.106700e-01
4.605000e+01 2.856787e-01
4.610000e+01 2.582540e-01
4.615000e+01 2.290182e-01
4.620000e+01 1.985481e-01
4.625000e+01 1.673674e-01
4.630000e+01 1.359458e-01
4.635000e+01 1.047004e-01
4.640000e+01 7.400016e-02
4.645000e+01 4.417031e-02
4.650000e+01 1.549706e-02
4.655000e+01 1.176820e-02
4.660000e+01 3.740498e-02
4.665000e+01 6.122052e-02
4.670000e+01 8.304700e-02
4.675000e+01 1.027392e-01
4.680000e+01 1.201727e-01
4.685000e+01 1.352423e-01
4.690000e+01 1.478607e-01
4.695000e+01 1.579576e-01
4.700000e+01 1.654786e-01
4.705000e+01 1.703850e-01
4.710000e+01 1.726529e-01
4.715000e+01 1.722728e-01
4.720000e+01 1.692496e-01
4.725000e+01 1.636021e-01
4.730000e+01 1.553632e-01
4.735000e+01 1.445794e-01
4.740000e+01 1.313116e-01
4.745000e+01 1.156346e-01
4.750000e+01 9.763789e-02
4.755000e+01 7.742582e-02
4.760000e+01 5.511844e-02
4.765000e+01 3.085226e-02
4.770000e+01 4.781310e-03
4.775000e+01 2.292147e-02
4.780000e+01 5.206254e-02
4.785000e+01 8.242565e-02
4.790000e+01 1.137693e-01
4.795000e+01 1.458239e-01
4.800000e+01 1.782879e-01
4.805000e+01 2.108246e-01
4.810000e+01 2.430578e-01
4.815000e+01 2.745686e-01
4.820000e+01 3.048932e-01
4.825000e+01 3.335234e-01
4.830000e+01 3.599118e-01
4.835000e+01 3.834840e-01
4.840000e+01 4.036602e-01
4.845000e+01 4.198881e-01
4.850000e+01 4.316852e-01
4.855000e+01 4.386860e-01
4.860000e+01 4.406845e-01
4.865000e+01 4.376622e-01
4.870000e+01 4.297916e-01
4.875000e+01 4.174159e-01
4.880000e+01 4.010092e-01
4.885000e+01 3.811286e-01
4.890000e+01 3.583686e-01
4.895000e+01 3.333237e-01
4.900000e+01 3.065626e-01
4.905000e+01 2.786131e-01
4.910000e+01 2.499549e-01
4.915000e+01 2.210181e-01
4.920000e+01 1.921853e-01
4.925000e+01 1.637947e-01
4.930000e+01 1.361449e-01
4.935000e+01 1.094988e-01
4.940000e+01 8.408800e-02
4.945000e+01 6.011585e-02
4.950000e+01 3.776073e-02
4.955000e+01 1.717853e-02
4.960000e+01 1.495258e-03
4.965000e+01 1.814381e-02
4.970000e+01 3.266753e-02
4.975000e+01 4.498295e-02
4.980000e+01 5.502177e-02
4.985000e+01 6.273015e-02
4.990000e+01 6.806809e-02
4.995000e+01 7.100898e-02
5.000000e+01 7.153929e-02
5.005000e+01 6.965826e-02
5.010000e+01 6.537779e-02
5.015000e+01 5.872235e-02
5.020000e+01 4.972896e-02
5.025000e+01 3.844733e-02
5.030000e+01 2.494004e-02
5.035000e+01 9.282838e-03
5.040000e+01 8.434942e-03
5.045000e+01 2.810977e-02
5.050000e+01 4.962317e-02
5.055000e+01 7.284073e-02
5.060000e+01 9.761091e-02
5.065000e+01 1.237634e-01
5.070000e+01 1.511074e-01
5.075000e+01 1.794292e-01
5.080000e+01 2.084892e-01
5.085000e+01 2.380192e-01
5.090000e+01 2.677188e-01
5.095000e+01 2.972510e-01
5.100000e+01 3.262397e-01
5.105000e+01 3.542662e-01
5.110000e+01 3.808694e-01
5.115000e+01 4.055487e-01
5.120000e+01 4.277733e-01
5.125000e+01 4.470001e-01
5.130000e+01 4.627015e-01
5.135000e+01 4.744030e-01
5.140000e+01 4.817275e-01
5.145000e+01 4.844371e-01
5.150000e+01 4.824641e-01
5.155000e+01 4.759209e-01
5.160000e+01 4.650861e-01
5.165000e+01 4.503712e-01
5.170000e+01 4.322766e-01
5.175000e+01 4.113477e-01
5.180000e+01 3.881380e-01
5.185000e+01 3.631821e-01
5.190000e+01 3.369797e-01
5.195000e+01 3.099870e-01
5.200000e+01 2.826146e-01
5.205000e+01 2.552287e-01
5.210000e+01 2.281539e-01
5.215000e+01 2.016776e-01
5.220000e+01 1.760534e-01
5.225000e+01 1.515050e-01
5.230000e+01 1.282299e-01
5.235000e+01 1.064020e-01
5.240000e+01 8.617399e-02
5.245000e+01 6.767938e-02
5.250000e+01 5.103426e-02
5.255000e+01 3.633854e-02
5.260000e+01 2.367705e-02
5.265000e+01 1.312042e-02
5.270000e+01 4.725733e-03
5.275000e+01 1.462904e-03
5.280000e+01 5.413968e-03
5.285000e+01 7.108217e-03
5.290000e+01 6.538474e-03
5.295000e+01 3.709513e-03
5.300000e+01 1.361987e-03
5.305000e+01 8.647401e-03
5.310000e+01 1.810603e-02
5.315000e+01 2.968490e-02
5.320000e+01 4.331841e-02
5.325000e+01 5.892794e-02
5.330000e+01 7.642123e-02
5.335000e+01 9.569164e-02
5.340000e+01 1.166172e-01
5.345000e+01 1.390595e-01
5.350000e+01 1.628621e-01
5.355000e+01 1.878488e-01
5.360000e+01 2.138213e-01
5.365000e+01 2.405570e-01
5.370000e+01 2.678058e-01
5.375000e+01 2.952865e-01
5.380000e+01 3.226839e-01
5.385000e+01 3.496450e-01
5.390000e+01 3.757769e-01
5.395000e+01 4.006459e-01
5.400000e+01 4.237805e-01
5.405000e+01 4.446794e-01
5.410000e+01 4.628273e-01
5.415000e+01 4.777197e-01
5.420000e+01 4.888969e-01
5.425000e+01 4.959848e-01
5.430000e+01 4.987338e-01
5.435000e+01 4.970498e-01
5.440000e+01 4.910060e-01
5.445000e+01 4.808343e-01
5.450000e+01 4.668965e-01
5.455000e+01 4.496458e-01
5.460000e+01 4.295858e-01
5.465000e+01 4.072349e-01
5.470000e+01 3.830999e-01
5.475000e+01 3.576589e-01
5.480000e+01 3.313522e-01
5.485000e+01 3.045788e-01
5.490000e+01 2.776967e-01
5.495000e+01 2.510251e-01
5.500000e+01 2.248481e-01
5.505000e+01 1.994178e-01
5.510000e+01 1.749580e-01
5.515000e+01 1.516671e-01
5.520000e+01 1.297210e-01
5.525000e+01 1.092751e-01
5.530000e+01 9.046669e-02
5.535000e+01 7.341591e-02
5.540000e+01 5.822744e-02
5.545000e+01 4.499138e-02
5.550000e+01 3.378404e-02
5.555000e+01 2.466864e-02
5.560000e+01 1.769575e-02
5.565000e+01 1.290371e-02
5.570000e+01 1.031883e-02
5.575000e+01 9.955652e-03
5.580000e+01 1.181696e-02
5.585000e+01 1.589383e-02
5.590000e+01 2.216555e-02
5.595000e+01 3.059946e-02
5.600000e+01 4.115072e-02
5.605000e+01 5.376195e-02
5.610000e+01 6.836279e-02
5.615000e+01 8.486927e-02
5.620000e+01 1.031830e-01
5.625000e+01 1.231904e-01
5.630000e+01 1.447612e-01
5.635000e+01 1.677470e-01
5.640000e+01 1.919797e-01
5.645000e+01 2.172690e-01
5.650000e+01 2.433996e-01
5.655000e+01 2.701288e-01
5.660000e+01 2.971819e-01
5.665000e+01 3.242495e-01
5.670000e+01 3.509831e-01
5.675000e+01 3.769921e-01
5.680000e+01 4.018425e-01
5.685000e+01 4.250585e-01
5.690000e+01 4.461293e-01
5.695000e+01 4.645237e-01
5.700000e+01 4.797138e-01
5.705000e+01 4.912094e-01
5.710000e+01 4.985999e-01
5.715000e+01 5.015968e-01
5.720000e+01 5.000687e-01
5.725000e+01 4.940578e-01
5.730000e+01 4.837738e-01
5.735000e+01 4.695671e-01
5.740000e+01 4.518886e-01
5.745000e+01 4.312468e-01
5.750000e+01 4.081696e-01
5.755000e+01 3.831760e-01
5.760000e+01 3.567569e-01
5.765000e+01 3.293654e-01
5.770000e+01 3.014126e-01
5.775000e+01 2.732680e-01
5.780000e+01 2.452616e-01
5.785000e+01 2.176875e-01
5.790000e+01 1.908071e-01
5.795000e+01 1.648535e-01
5.800000e+01 1.400338e-01
5.805000e+01 1.165325e-01
5.810000e+01 9.451363e-02
5.815000e+01 7.412258e-02
5.820000e+01 5.548786e-02
5.825000e+01 3.872230e-02
5.830000e+01 2.392408e-02
5.835000e+01 1.117755e-02
5.840000e+01 5.538039e-04
5.845000e+01 7.888782e-03
5.850000e+01 1.410425e-02
5.855000e+01 1.805882e-02
5.860000e+01 1.973073e-02
5.865000e+01 1.911017e-02
5.870000e+01 1.619936e-02
5.875000e+01 1.101260e-02
5.880000e+01 3.576489e-03
5.885000e+01 6.069799e-03
5.890000e+01 1.787414e-02
5.895000e+01 3.177096e-02
5.900000e+01 4.768057e-02
5.905000e+01 6.550841e-02
5.910000e+01 8.514397e-02
5.915000e+01 1.064596e-01
5.920000e+01 1.293090e-01
5.925000e+01 1.535252e-01
5.930000e+01 1.789184e-01
5.935000e+01 2.052734e-01
5.940000e+01 2.323460e-01
5.945000e+01 2.598598e-01
5.950000e+01 2.875022e-01
5.955000e+01 3.149202e-01
5.960000e+01 3.417172e-01
5.965000e+01 3.674508e-01
5.970000e+01 3.916336e-01
5.975000e+01 4.137389e-01
5.980000e+01 4.332138e-01
5.985000e+01 4.495014e-01
5.990000e+01 4.620737e-01
5.995000e+01 4.704739e-01
6.000000e+01 4.743610e-01
6.005000e+01 4.735489e-01
6.010000e+01 4.680292e-01
6.015000e+01 4.579709e-01
6.020000e+01 4.436982e-01
6.025000e+01 4.256518e-01
6.030000e+01 4.043444e-01
6.035000e+01 3.803201e-01
6.040000e+01 3.541218e-01
6.045000e+01 3.262690e-01
6.050000e+01 2.972453e-01
6.055000e+01 2.674926e-01
6.060000e+01 2.374099e-01
6.065000e+01 2.073552e-01
6.070000e+01 1.776489e-01
6.075000e+01 1.485768e-01
6.080000e+01 1.203944e-01
6.085000e+01 9.332994e-02
6.090000e+01 6.758729e-02
6.095000e+01 4.334857e-02
6.100000e+01 2.077615e-02
6.105000e+01 1.435284e-05
6.110000e+01 1.880920e-02
6.115000e+01 3.558246e-02
6.120000e+01 5.020817e-02
6.125000e+01 6.260313e-02
6.130000e+01 7.269779e-02
6.135000e+01 8.043584e-02
6.140000e+01 8.577403e-02
6.145000e+01 8.868199e-02
6.150000e+01 8.914225e-02
6.155000e+01 8.715026e-02
6.160000e+01 8.271458e-02
6.165000e+01 7.585704e-02
6.170000e+01 6.661316e-02
6.175000e+01 5.503254e-02
6.180000e+01 4.117943e-02
6.185000e+01 2.513348e-02
6.190000e+01 6.990596e-03
6.195000e+01 1.313590e-02
6.200000e+01 3.511394e-02
6.205000e+01 5.879102e-02
6.210000e+01 8.399215e-02
6.215000e+01 1.105174e-01
6.220000e+01 1.381390e-01
6.225000e+01 1.665979e-01
6.230000e+01 1.955998e-01
6.235000e+01 2.248110e-01
6.240000e+01 2.538542e-01
6.245000e+01 2.823044e-01
6.250000e+01 3.096868e-01
6.255000e+01 3.354773e-01
6.260000e+01 3.591081e-01
6.265000e+01 3.799808e-01
6.270000e+01 3.974900e-01
6.275000e+01 4.110572e-01
6.280000e+01 4.201754e-01
6.285000e+01 4.244571e-01
6.290000e+01 4.236772e-01
6.295000e+01 4.177994e-01
6.300000e+01 4.069795e-01
6.305000e+01 3.915437e-01
6.310000e+01 3.719488e-01
6.315000e+01 3.487364e-01
6.320000e+01 3.224874e-01
6.325000e+01 2.937868e-01
6.330000e+01 2.631987e-01
6.335000e+01 2.312508e-01
6.340000e+01 1.984280e-01
6.345000e+01 1.651699e-01
6.350000e+01 1.318725e-01
6.355000e+01 9.889120e-02
6.360000e+01 6.654453e-02
6.365000e+01 3.511791e-02
6.370000e+01 4.867235e-03
6.375000e+01 2.397803e-02
6.380000e+01 5.121219e-02
6.385000e+01 7.665106e-02
6.390000e+01 1.001302e-01
6.395000e+01 1.215034e-01
6.400000e+01 1.406415e-01
6.405000e+01 1.574316e-01
6.410000e+01 1.717763e-01
6.415000e+01 1.835930e-01
6.420000e+01 1.928139e-01
6.425000e+01 1.993855e-01
6.430000e+01 2.032685e-01
6.435000e+01 2.044380e-01
6.440000e+01 2.028832e-01
6.445000e+01 1.986079e-01
6.450000e+01 1.916307e-01
6.455000e+01 1.819851e-01
6.460000e+01 1.697206e-01
6.465000e+01 1.549025e-01
6.470000e+01 1.376134e-01
6.475000e+01 1.179537e-01
6.480000e+01 9.604321e-02
6.485000e+01 7.202223e-02
6.490000e+01 4.605365e-02
6.495000e+01 1.832504e-02
6.500000e+01 1.094859e-02
6.505000e+01 4.152163e-02
6.510000e+01 7.311400e-02
6.515000e+01 1.054068e-01
6.520000e+01 1.380375e-01
6.525000e+01 1.705948e-01
6.530000e+01 2.026139e-01
6.535000e+01 2.335728e-01
6.540000e+01 2.628921e-01
6.545000e+01 2.899394e-01
6.550000e+01 3.140416e-01
6.555000e+01 3.345091e-01
6.560000e+01 3.506725e-01
6.565000e+01 3.619318e-01
6.570000e+01 3.678127e-01
6.575000e+01 3.680185e-01
6.580000e+01 3.624665e-01
6.585000e+01 3.512964e-01
6.590000e+01 3.348503e-01
6.595000e+01 3.136289e-01
6.600000e+01 2.882380e-01
6.605000e+01 2.593352e-01
6.610000e+01 2.275869e-01
6.615000e+01 1.936374e-01
6.620000e+01 1.580908e-01
6.625000e+01 1.215015e-01
6.630000e+01 8.437199e-02
6.635000e+01 4.715425e-02
6.640000e+01 1.025319e-02
6.645000e+01 2.596887e-02
6.650000e+01 6.118781e-02
6.655000e+01 9.511356e-02
6.660000e+01 1.274864e-01
6.665000e+01 1.580739e-01
6.670000e+01 1.866682e-01
6.675000e+01 2.130840e-01
6.680000e+01 2.371570e-01
6.685000e+01 2.587421e-01
6.690000e+01 2.777128e-01
6.695000e+01 2.939601e-01
6.700000e+01 3.073920e-01
6.705000e+01 3.179332e-01
6.710000e+01 3.255244e-01
6.715000e+01 3.301227e-01
6.720000e+01 3.317012e-01
6.725000e+01 3.302488e-01
6.730000e+01 3.257710e-01
6.735000e+01 3.182898e-01
6.740000e+01 3.078438e-01
6.745000e+01 2.944892e-01
6.750000e+01 2.783000e-01
6.755000e+01 2.593691e-01
6.760000e+01 2.378088e-01
6.765000e+01 2.137527e-01
6.770000e+01 1.873566e-01
6.775000e+01 1.588006e-01
6.780000e+01 1.282911e-01
6.785000e+01 9.606381e-02
6.790000e+01 6.238685e-02
6.795000e+01 2.756446e-02
6.800000e+01 8.058496e-03
6.805000e+01 4.409175e-02
6.810000e+01 8.009449e-02
6.815000e+01 1.155707e-01
6.820000e+01 1.499655e-01
6.825000e+01 1.826646e-01
6.830000e+01 2.129990e-01
6.835000e+01 2.402565e-01
6.840000e+01 2.637062e-01
6.845000e+01 2.826343e-01
6.850000e+01 2.963943e-01
6.855000e+01 3.044648e-01
6.860000e+01 3.065045e-01
6.865000e+01 3.023938e-01
6.870000e+01 2.922485e-01
6.875000e+01 2.764043e-01
6.880000e+01 2.553749e-01
6.885000e+01 2.297963e-01
6.890000e+01 2.003705e-01
6.895000e+01 1.678172e-01
6.900000e+01 1.328383e-01
6.905000e+01 9.609547e-02
6.910000e+01 5.819838e-02
6.915000e+01 1.970060e-02
6.920000e+01 1.889989e-02
6.925000e+01 5.715746e-02
6.930000e+01 9.467436e-02
6.935000e+01 1.310960e-01
6.940000e+01 1.661064e-01
6.945000e+01 1.994241e-01
6.950000e+01 2.307990e-01
6.955000e+01 2.600087e-01
6.960000e+01 2.868568e-01
6.965000e+01 3.111705e-01
6.970000e+01 3.327989e-01
6.975000e+01 3.516123e-01
6.980000e+01 3.675004e-01
6.985000e+01 3.803722e-01
6.990000e+01 3.901547e-01
6.995000e+01 3.967934e-01
7.000000e+01 4.002510e-01
7.005000e+01 4.005080e-01
7.010000e+01 3.975621e-01
7.015000e+01 3.914285e-01
7.020000e+01 3.821400e-01
7.025000e+01 3.697472e-01
7.030000e+01 3.543187e-01
7.035000e+01 3.359420e-01
7.040000e+01 3.147236e-01
7.045000e+01 2.907903e-01
7.050000e+01 2.642902e-01
7.055000e+01 2.353938e-01
7.060000e+01 2.042961e-01
7.065000e+01 1.712183e-01
7.070000e+01 1.364105e-01
7.075000e+01 1.001548e-01
7.080000e+01 6.276913e-02
7.085000e+01 2.461109e-02
7.090000e+01 1.391706e-02
7.095000e+01 5.236353e-02
7.100000e+01 9.022238e-02
7.105000e+01 1.269301e-01
7.110000e+01 1.618648e-01
7.115000e+01 1.943506e-01
7.120000e+01 2.236700e-01
7.125000e+01 2.490866e-01
7.130000e+01 2.698819e-01
7.135000e+01 2.854050e-01
7.140000e+01 2.951313e-01
7.145000e+01 2.987188e-01
7.150000e+01 2.960510e-01
7.155000e+01 2.872520e-01
7.160000e+01 2.726717e-01
7.165000e+01 2.528426e-01
7.170000e+01 2.284232e-01
7.175000e+01 2.001388e-01
7.180000e+01 1.687317e-01
7.185000e+01 1.349238e-01
7.190000e+01 9.939345e-02
7.195000e+01 6.276334e-02
7.200000e+01 2.559605e-02
7.205000e+01 1.160499e-02
7.210000e+01 4.839196e-02
7.215000e+01 8.436778e-02
7.220000e+01 1.191810e-01
7.225000e+01 1.525210e-01
7.230000e+01 1.841135e-01
7.235000e+01 2.137166e-01
7.240000e+01 2.411181e-01
7.245000e+01 2.661323e-01
7.250000e+01 2.885980e-01
7.255000e+01 3.083765e-01
7.260000e+01 3.253506e-01
7.265000e+01 3.394229e-01
7.270000e+01 3.505152e-01
7.275000e+01 3.585677e-01
7.280000e+01 3.635381e-01
7.285000e+01 3.654016e-01
7.290000e+01 3.641504e-01
7.295000e+01 3.597931e-01
7.300000e+01 3.523554e-01
7.305000e+01 3.418792e-01
7.310000e+01 3.284232e-01
7.315000e+01 3.120631e-01
7.320000e+01 2.928916e-01
7.325000e+01 2.710192e-01
7.330000e+01 2.465745e-01
7.335000e+01 2.197056e-01
7.340000e+01 1.905805e-01
7.345000e+01 1.593891e-01
7.350000e+01 1.263449e-01
7.355000e+01 9.168674e-02
7.360000e+01 5.568207e-02
7.365000e+01 1.862988e-02
7.370000e+01 1.913540e-02
7.375000e+01 5.723970e-02
7.380000e+01 9.526462e-02
7.385000e+01 1.327430e-01
7.390000e+01 1.691553e-01
7.395000e+01 2.039283e-01
7.400000e+01 2.364373e-01
7.405000e+01 2.660164e-01
7.410000e+01 2.919772e-01
7.415000e+01 3.136408e-01
7.420000e+01 3.303827e-01
7.425000e+01 3.416872e-01
7.430000e+01 3.472031e-01
7.435000e+01 3.467879e-01
7.440000e+01 3.405286e-01
7.445000e+01 3.287321e-01
7.450000e+01 3.118879e-01
7.455000e+01 2.906143e-01
7.460000e+01 2.656008e-01
7.465000e+01 2.375576e-01
7.470000e+01 2.071779e-01
7.475000e+01 1.751130e-01
7.480000e+01 1.419603e-01
7.485000e+01 1.082576e-01
7.490000e+01 7.448448e-02
7.495000e+01 4.106550e-02
7.500000e+01 8.375064e-03
7.505000e+01 2.325731e-02
7.510000e+01 5.354205e-02
7.515000e+01 8.222506e-02
7.520000e+01 1.090838e-01
7.525000e+01 1.339241e-01
7.530000e+01 1.565772e-01
7.535000e+01 1.768977e-01
7.540000e+01 1.947615e-01
7.545000e+01 2.100646e-01
7.550000e+01 2.227213e-01
7.555000e+01 2.326640e-01
7.560000e+01 2.398415e-01
7.565000e+01 2.442193e-01
7.570000e+01 2.457781e-01
7.575000e+01 2.445143e-01
7.580000e+01 2.404394e-01
7.585000e+01 2.335795e-01
7.590000e+01 2.239758e-01
7.595000e+01 2.116842e-01
7.600000e+01 1.967758e-01
7.605000e+01 1.793365e-01
7.610000e+01 1.594682e-01
7.615000e+01 1.372888e-01
7.620000e+01 1.129330e-01
7.625000e+01 8.655328e-02
7.630000e+01 5.832131e-02
7.635000e+01 2.842915e-02
7.640000e+01 2.908647e-03
7.645000e+01 3.545281e-02
7.650000e+01 6.893655e-02
7.655000e+01 1.030624e-01
7.660000e+01 1.374983e-01
7.665000e+01 1.718742e-01
7.670000e+01 2.057777e-01
7.675000e+01 2.387516e-01
7.680000e+01 2.702919e-01
7.685000e+01 2.998509e-01
7.690000e+01 3.268443e-01
7.695000e+01 3.506677e-01
7.700000e+01 3.707226e-01
7.705000e+01 3.864544e-01
7.710000e+01 3.973981e-01
7.715000e+01 4.032264e-01
7.720000e+01 4.037896e-01
7.725000e+01 3.991363e-01
7.730000e+01 3.895087e-01
7.735000e+01 3.753149e-01
7.740000e+01 3.570834e-01
7.745000e+01 3.354141e-01
7.750000e+01 3.109325e-01
7.755000e+01 2.842558e-01
7.760000e+01 2.559683e-01
7.765000e+01 2.266093e-01
7.770000e+01 1.966668e-01
7.775000e+01 1.665775e-01
7.780000e+01 1.367289e-01
7.785000e+01 1.074637e-01
7.790000e+01 7.908413e-02
7.795000e+01 5.185598e-02
7.800000e+01 2.601295e-02
7.805000e+01 1.760009e-03
7.810000e+01 2.072358e-02
7.815000e+01 4.128175e-02
7.820000e+01 5.977950e-02
7.825000e+01 7.610123e-02
7.830000e+01 9.014929e-02
7.835000e+01 1.018429e-01
7.840000e+01 1.111170e-01
7.845000e+01 1.179220e-01
7.850000e+01 1.222226e-01
7.855000e+01 1.239976e-01
7.860000e+01 1.232398e-01
7.865000e+01 1.199553e-01
7.870000e+01 1.141636e-01
7.875000e+01 1.058974e-01
7.880000e+01 9.520292e-02
7.885000e+01 8.213956e-02
7.890000e+01 6.678053e-02
7.895000e+01 4.921301e-02
7.900000e+01 2.953867e-02
7.905000e+01 7.874357e-03
7.910000e+01 1.564704e-02
7.915000e+01 4.087551e-02
7.920000e+01 6.764245e-02
7.925000e+01 9.575901e-02
7.930000e+01 1.250139e-01
7.935000e+01 1.551708e-01
7.940000e+01 1.859655e-01
7.945000e+01 2.171022e-01
7.950000e+01 2.482498e-01
7.955000e+01 2.790384e-01
7.960000e+01 3.090557e-01
7.965000e+01 3.378454e-01
7.970000e+01 3.649082e-01
7.975000e+01 3.897079e-01
7.980000e+01 4.116847e-01
7.985000e+01 4.302786e-01
7.990000e+01 4.449627e-01
7.995000e+01 4.552864e-01
8.000000e+01 4.609211e-01
8.005000e+01 4.616995e-01
8.010000e+01 4.576389e-01
8.015000e+01 4.489401e-01
8.020000e+01 4.359624e-01
8.025000e+01 4.191832e-01
8.030000e+01 3.991511e-01
8.035000e+01 3.764424e-01
8.040000e+01 3.516277e-01
8.045000e+01 3.252492e-01
8.050000e+01 2.978071e-01
8.055000e+01 2.697551e-01
8.060000e+01 2.414990e-01
8.065000e+01 2.133996e-01
8.070000e+01 1.857760e-01
8.075000e+01 1.589098e-01
8.080000e+01 1.330495e-01
8.085000e+01 1.084140e-01
8.090000e+01 8.519580e-02
8.095000e+01 6.356410e-02
8.100000e+01 4.366687e-02
8.105000e+01 2.563292e-02
8.110000e+01 9.573437e-03
8.115000e+01 4.416712e-03
8.120000e+01 1.625794e-02
8.125000e+01 2.588511e-02
8.130000e+01 3.324687e-02
8.135000e+01 3.830513e-02
8.140000e+01 4.103467e-02
8.145000e+01 4.142284e-02
8.150000e+01 3.946936e-02
8.155000e+01 3.518619e-02
8.160000e+01 2.859751e-02
8.165000e+01 1.973976e-02
8.170000e+01 8.661790e-03
8.175000e+01 4.574943e-03
8.180000e+01 1.989600e-02
8.185000e+01 3.721349e-02
8.190000e+01 5.642548e-02
8.195000e+01 7.741514e-02
8.200000e+01 1.000497e-01
8.205000e+01 1.241794e-01
8.210000e+01 1.496353e-01
8.215000e+01 1.762280e-01
8.220000e+01 2.037451e-01
8.225000e+01 2.319479e-01
8.230000e+01 2.605690e-01
8.235000e+01 2.893079e-01
8.240000e+01 3.178281e-01
8.245000e+01 3.457534e-01
8.250000e+01 3.726656e-01
8.255000e+01 3.981046e-01
8.260000e+01 4.215731e-01
8.265000e+01 4.425465e-01
8.270000e+01 4.604926e-01
8.275000e+01 4.749008e-01
8.280000e+01 4.853203e-01
8.285000e+01 4.914036e-01
8.290000e+01 4.929464e-01
8.295000e+01 4.899138e-01
8.300000e+01 4.824459e-01
8.305000e+01 4.708398e-01
8.310000e+01 4.555151e-01
8.315000e+01 4.369699e-01
8.320000e+01 4.157393e-01
8.325000e+01 3.923611e-01
8.330000e+01 3.673518e-01
8.335000e+01 3.411922e-01
8.340000e+01 3.143206e-01
8.345000e+01 2.871312e-01
8.350000e+01 2.599758e-01
8.355000e+01 2.331664e-01
8.360000e+01 2.069796e-01
8.365000e+01 1.816601e-01
8.370000e+01 1.574243e-01
8.375000e+01 1.344633e-01
8.380000e+01 1.129459e-01
8.385000e+01 9.302066e-02
8.390000e+01 7.481773e-02
8.395000e+01 5.845049e-02
8.400000e+01 4.401671e-02
8.405000e+01 3.159958e-02
8.410000e+01 2.126848e-02
8.415000e+01 1.307962e-02
8.420000e+01 7.076496e-03
8.425000e+01 3.290269e-03
8.430000e+01 1.740009e-03
8.435000e+01 2.432871e-03
8.440000e+01 5.364172e-03
8.445000e+01 1.051739e-02
8.450000e+01 1.786410e-02
8.455000e+01 2.736378e-02
8.460000e+01 3.896358e-02
8.465000e+01 5.259794e-02
8.470000e+01 6.818811e-02
8.475000e+01 8.564151e-02
8.480000e+01 1.048509e-01
8.485000e+01 1.256934e-01
8.490000e+01 1.480292e-01
8.495000e+01 1.716999e-01
8.500000e+01 1.965267e-01
8.505000e+01 2.223082e-01
8.510000e+01 2.488174e-01
8.515000e+01 2.757989e-01
8.520000e+01 3.029653e-01
8.525000e+01 3.299936e-01
8.530000e+01 3.565222e-01
8.535000e+01 3.821483e-01
8.540000e+01 4.064281e-01
8.545000e+01 4.288805e-01
8.550000e+01 4.489964e-01
8.555000e+01 4.662568e-01
8.560000e+01 4.801596e-01
8.565000e+01 4.902557e-01
8.570000e+01 4.961901e-01
8.575000e+01 4.977407e-01
8.580000e+01 4.948456e-01
8.585000e+01 4.876111e-01
8.590000e+01 4.762974e-01
8.595000e+01 4.612884e-01
8.600000e+01 4.430501e-01
8.605000e+01 4.220917e-01
8.610000e+01 3.989308e-01
8.615000e+01 3.740694e-01
8.620000e+01 3.479786e-01
8.625000e+01 3.210911e-01
8.630000e+01 2.937982e-01
8.635000e+01 2.664511e-01
8.640000e+01 2.393629e-01
8.645000e+01 2.128128e-01
8.650000e+01 1.870488e-01
8.655000e+01 1.622915e-01
8.660000e+01 1.387370e-01
8.665000e+01 1.165594e-01
8.670000e+01 9.591307e-02
8.675000e+01 7.693427e-02
8.680000e+01 5.974291e-02
8.685000e+01 4.444351e-02
8.690000e+01 3.112622e-02
8.695000e+01 1.986759e-02
8.700000e+01 1.073114e-02
8.705000e+01 3.767802e-03
8.710000e+01 9.837565e-04
8.715000e+01 3.496894e-03
8.720000e+01 3.756870e-03
8.725000e+01 1.760796e-03
8.730000e+01 2.482336e-03
8.735000e+01 8.951544e-03
8.740000e+01 1.761365e-02
8.745000e+01 2.842301e-02
8.750000e+01 4.132109e-02
8.755000e+01 5.623596e-02
8.760000e+01 7.308162e-02
8.765000e+01 9.175716e-02
8.770000e+01 1.121457e-01
8.775000e+01 1.341130e-01
8.780000e+01 1.575059e-01
8.785000e+01 1.821505e-01
8.790000e+01 2.078493e-01
8.795000e+01 2.343788e-01
8.800000e+01 2.614860e-01
8.805000e+01 2.888847e-01
8.810000e+01 3.162516e-01
8.815000e+01 3.432222e-01
8.820000e+01 3.693880e-01
8.825000e+01 3.942956e-01
8.830000e+01 4.174486e-01
8.835000e+01 4.383161e-01
8.840000e+01 4.563495e-01
8.845000e+01 4.710088e-01
8.850000e+01 4.817998e-01
8.855000e+01 4.883179e-01
8.860000e+01 4.902922e-01
8.865000e+01 4.876174e-01
8.870000e+01 4.803679e-01
8.875000e+01 4.687863e-01
8.880000e+01 4.532532e-01
8.885000e+01 4.342438e-01
8.890000e+01 4.122847e-01
8.895000e+01 3.879166e-01
8.900000e+01 3.616664e-01
8.905000e+01 3.340303e-01
8.910000e+01 3.054646e-01
8.915000e+01 2.763831e-01
8.920000e+01 2.471569e-01
8.925000e+01 2.181180e-01
8.930000e+01 1.895624e-01
8.935000e+01 1.617537e-01
8.940000e+01 1.349271e-01
8.945000e+01 1.092922e-01
8.950000e+01 8.503599e-02
8.955000e+01 6.232494e-02
8.960000e+01 4.130701e-02
8.965000e+01 2.211314e-02
8.970000e+01 4.858521e-03
8.975000e+01 1.035648e-02
8.980000e+01 2.344551e-02
8.985000e+01 3.433567e-02
8.990000e+01 4.296708e-02
8.995000e+01 4.929257e-02
9.000000e+01 5.327746e-02
9.005000e+01 5.489949e-02
9.010000e+01 5.414875e-02
9.015000e+01 5.102782e-02
9.020000e+01 4.555186e-02
9.025000e+01 3.774885e-02
9.030000e+01 2.765997e-02
9.035000e+01 1.534000e-02
9.040000e+01 8.579019e-04
9.045000e+01 1.570244e-02
9.050000e+01 3.424134e-02
9.055000e+01 5.464217e-02
9.060000e+01 7.677002e-02
9.065000e+01 1.004699e-01
9.070000e+01 1.255649e-01
9.075000e+01 1.518533e-01
9.080000e+01 1.791062e-01
9.085000e+01 2.070636e-01
9.090000e+01 2.354307e-01
9.095000e+01 2.638739e-01
9.100000e+01 2.920165e-01
9.105000e+01 3.194354e-01
9.110000e+01 3.456597e-01
9.115000e+01 3.701719e-01
9.120000e+01 3.924159e-01
9.125000e+01 4.118119e-01
9.130000e+01 4.277820e-01
9.135000e+01 4.397873e-01
9.140000e+01 4.473718e-01
9.145000e+01 4.502092e-01
9.150000e+01 4.481404e-01
9.155000e+01 4.411924e-01
9.160000e+01 4.295735e-01
9.165000e+01 4.136459e-01
9.170000e+01 3.938840e-01
9.175000e+01 3.708284e-01
9.180000e+01 3.450452e-01
9.185000e+01 3.170947e-01
9.190000e+01 2.875104e-01
9.195000e+01 2.567873e-01
9.200000e+01 2.253771e-01
9.205000e+01 1.936876e-01
9.210000e+01 1.620850e-01
9.215000e+01 1.308974e-01
9.220000e+01 1.004179e-01
9.225000e+01 7.090899e-02
9.230000e+01 4.260558e-02
9.235000e+01 1.571786e-02
9.240000e+01 9.566101e-03
9.245000e+01 3.307840e-02
9.250000e+01 5.466958e-02
9.255000e+01 7.420734e-02
9.260000e+01 9.157548e-02
9.265000e+01 1.066730e-01
9.270000e+01 1.194137e-01
9.275000e+01 1.297254e-01
9.280000e+01 1.375498e-01
9.285000e+01 1.428424e-01
9.290000e+01 1.455721e-01
9.295000e+01 1.457216e-01
9.300000e+01 1.432871e-01
9.305000e+01 1.382787e-01
9.310000e+01 1.307206e-01
9.315000e+01 1.206518e-01
9.320000e+01 1.081261e-01
9.325000e+01 9.321304e-02
9.330000e+01 7.599871e-02
9.335000e+01 5.658673e-02
9.340000e+01 3.509945e-02
9.345000e+01 1.167953e-02
9.350000e+01 1.350820e-02
9.355000e+01 4.027451e-02
9.360000e+01 6.840301e-02
9.365000e+01 9.764691e-02
9.370000e+01 1.277253e-01
9.375000e+01 1.583189e-01
9.380000e+01 1.890653e-01
9.385000e+01 2.195548e-01
9.390000e+01 2.493261e-01
9.395000e+01 2.778645e-01
9.400000e+01 3.046032e-01
9.405000e+01 3.289312e-01
9.410000e+01 3.502086e-01
9.415000e+01 3.677945e-01
9.420000e+01 3.810856e-01
9.425000e+01 3.895654e-01
9.430000e+01 3.928551e-01
9.435000e+01 3.907564e-01
9.440000e+01 3.832751e-01
9.445000e+01 3.706180e-01
9.450000e+01 3.531653e-01
9.455000e+01 3.314258e-01
9.460000e+01 3.059867e-01
9.465000e+01 2.774683e-01
9.470000e+01 2.464879e-01
9.475000e+01 2.136361e-01
9.480000e+01 1.794631e-01
9.485000e+01 1.444722e-01
9.490000e+01 1.091192e-01
9.495000e+01 7.381420e-02
9.500000e+01 3.892516e-02
9.505000e+01 4.781862e-03
9.510000e+01 2.832010e-02
9.515000e+01 6.011561e-02
9.520000e+01 9.036691e-02
9.525000e+01 1.188608e-01
9.530000e+01 1.454066e-01
9.535000e+01 1.698340e-01
9.540000e+01 1.919918e-01
9.545000e+01 2.117469e-01
9.550000e+01 2.289829e-01
9.555000e+01 2.436001e-01
9.560000e+01 2.555144e-01
9.565000e+01 2.646572e-01
9.570000e+01 2.709753e-01
9.575000e+01 2.744306e-01
9.580000e+01 2.750003e-01
9.585000e+01 2.726766e-01
9.590000e+01 2.674675e-01
9.595000e+01 2.593967e-01
9.600000e+01 2.485038e-01
9.605000e+01 2.348456e-01
9.610000e+01 2.184961e-01
9.615000e+01 1.995473e-01
9.620000e+01 1.781109e-01
9.625000e+01 1.543192e-01
9.630000e+01 1.283264e-01
9.635000e+01 1.003114e-01
9.640000e+01 7.047929e-02
9.645000e+01 3.906503e-02
9.650000e+01 6.336456e-03
9.655000e+01 2.740146e-02
9.660000e+01 6.180193e-02
9.665000e+01 9.647124e-02
9.670000e+01 1.309634e-01
9.675000e+01 1.647756e-01
9.680000e+01 1.973447e-01
9.685000e+01 2.280479e-01
9.690000e+01 2.562091e-01
9.695000e+01 2.811139e-01
9.700000e+01 3.020381e-01
9.705000e+01 3.182890e-01
9.710000e+01 3.292592e-01
9.715000e+01 3.344861e-01
9.720000e+01 3.337047e-01
9.725000e+01 3.268793e-01
9.730000e+01 3.142072e-01
9.735000e+01 2.960909e-01
9.740000e+01 2.730890e-01
9.745000e+01 2.458587e-01
9.750000e+01 2.151008e-01
9.755000e+01 1.815174e-01
9.760000e+01 1.457818e-01
9.765000e+01 1.085218e-01
9.770000e+01 7.031111e-02
9.775000e+01 3.166832e-02
9.780000e+01 6.941135e-03
9.785000e+01 4.510097e-02
9.790000e+01 8.243933e-02
9.795000e+01 1.186241e-01
9.800000e+01 1.533587e-01
9.805000e+01 1.863780e-01
9.810000e+01 2.174457e-01
9.815000e+01 2.463511e-01
9.820000e+01 2.729071e-01
9.825000e+01 2.969488e-01
9.830000e+01 3.183315e-01
9.835000e+01 3.369303e-01
9.840000e+01 3.526386e-01
9.845000e+01 3.653680e-01
9.850000e+01 3.750476e-01
9.855000e+01 3.816237e-01
9.860000e+01 3.850595e-01
9.865000e+01 3.853354e-01
9.870000e+01 3.824487e-01
9.875000e+01 3.764138e-01
9.880000e+01 3.672624e-01
9.885000e+01 3.550441e-01
9.890000e+01 3.398266e-01
9.895000e+01 3.216963e-01
9.900000e+01 3.007592e-01
9.905000e+01 2.771421e-01
9.910000e+01 2.509935e-01
9.915000e+01 2.224851e-01
9.920000e+01 1.918140e-01
9.925000e+01 1.592049e-01
9.930000e+01 1.249127e-01
9.935000e+01 8.922617e-02
9.940000e+01 5.247159e-02
9.945000e+01 1.501738e-02
9.950000e+01 2.272106e-02
9.955000e+01 6.027631e-02
9.960000e+01 9.712455e-02
9.965000e+01 1.326827e-01
9.970000e+01 1.663088e-01
9.975000e+01 1.973089e-01
9.980000e+01 2.249516e-01
9.985000e+01 2.484955e-01
9.990000e+01 2.672299e-01
9.995000e+01 2.805278e-01
1.000000e+02 2.879045e-01
