0 5.427292e-03
1.000000e-01 5.426505e-03
2.000000e-01 5.424142e-03
3.000000e-01 5.420206e-03
4.000000e-01 5.414694e-03
5.000000e-01 5.407608e-03
6.000000e-01 5.398947e-03
7.000000e-01 5.388712e-03
8.000000e-01 5.376902e-03
9.000000e-01 5.363519e-03
1.000000e+00 5.348561e-03
1.100000e+00 5.332029e-03
1.200000e+00 5.313923e-03
1.300000e+00 5.294244e-03
1.400000e+00 5.272991e-03
1.500000e+00 5.250165e-03
1.600000e+00 5.225767e-03
1.700000e+00 5.199795e-03
1.800000e+00 5.172251e-03
1.900000e+00 5.143135e-03
2.000000e+00 5.112446e-03
2.100000e+00 5.080187e-03
2.200000e+00 5.046356e-03
2.300000e+00 5.010954e-03
2.400000e+00 4.973981e-03
2.500000e+00 4.935438e-03
2.600000e+00 4.895326e-03
2.700000e+00 4.853644e-03
2.800000e+00 4.810393e-03
2.900000e+00 4.765573e-03
3.000000e+00 4.719185e-03
3.100000e+00 4.671230e-03
3.200000e+00 4.621707e-03
3.300000e+00 4.570618e-03
3.400000e+00 4.517963e-03
3.500000e+00 4.463742e-03
3.600000e+00 4.407955e-03
3.700000e+00 4.350605e-03
3.800000e+00 4.291690e-03
3.900000e+00 4.231212e-03
4.000000e+00 4.169171e-03
4.100000e+00 4.105568e-03
4.200000e+00 4.040403e-03
4.300000e+00 3.973678e-03
4.400000e+00 3.905392e-03
4.500000e+00 3.835547e-03
4.600000e+00 3.764143e-03
4.700000e+00 3.691180e-03
4.800000e+00 3.616661e-03
4.900000e+00 3.540585e-03
5.000000e+00 3.462952e-03
5.100000e+00 3.383765e-03
5.200000e+00 3.303023e-03
5.300000e+00 3.220728e-03
5.400000e+00 3.136880e-03
5.500000e+00 3.051481e-03
5.600000e+00 2.964530e-03
5.700000e+00 2.876029e-03
5.800000e+00 2.785979e-03
5.900000e+00 2.694380e-03
6.000000e+00 2.601234e-03
6.100000e+00 2.506541e-03
6.200000e+00 2.410303e-03
6.300000e+00 2.312520e-03
6.400000e+00 2.213193e-03
6.500000e+00 2.112324e-03
6.600000e+00 2.009913e-03
6.700000e+00 1.905961e-03
6.800000e+00 1.800469e-03
6.900000e+00 1.693439e-03
7.000000e+00 1.584872e-03
7.100000e+00 1.474768e-03
7.200000e+00 1.363128e-03
7.300000e+00 1.249954e-03
7.400000e+00 1.135247e-03
7.500000e+00 1.019008e-03
7.600000e+00 9.012384e-04
7.700000e+00 7.819387e-04
7.800000e+00 6.611105e-04
7.900000e+00 5.387550e-04
8.000000e+00 4.148732e-04
8.100000e+00 2.894666e-04
8.200000e+00 1.625362e-04
8.300000e+00 3.408338e-05
8.400000e+00 9.589062e-05
8.500000e+00 2.273845e-04
8.600000e+00 3.603971e-04
8.700000e+00 4.949269e-04
8.800000e+00 6.309727e-04
8.900000e+00 7.685332e-04
9.000000e+00 9.076069e-04
9.100000e+00 1.048193e-03
9.200000e+00 1.190289e-03
9.300000e+00 1.333894e-03
9.400000e+00 1.479008e-03
9.500000e+00 1.625627e-03
9.600000e+00 1.773751e-03
9.700000e+00 1.923379e-03
9.800000e+00 2.074509e-03
9.900000e+00 2.227140e-03
1.000000e+01 2.381269e-03
1.010000e+01 2.536896e-03
1.020000e+01 2.694019e-03
1.030000e+01 2.852636e-03
1.040000e+01 3.012746e-03
1.050000e+01 3.174348e-03
1.060000e+01 3.337440e-03
1.070000e+01 3.502019e-03
1.080000e+01 3.668085e-03
1.090000e+01 3.835637e-03
1.100000e+01 4.004671e-03
1.110000e+01 4.175188e-03
1.120000e+01 4.347184e-03
1.130000e+01 4.520659e-03
1.140000e+01 4.695610e-03
1.150000e+01 4.872037e-03
1.160000e+01 5.049936e-03
1.170000e+01 5.229308e-03
1.180000e+01 5.410149e-03
1.190000e+01 5.592459e-03
1.200000e+01 5.776234e-03
1.210000e+01 5.961475e-03
1.220000e+01 6.148178e-03
1.230000e+01 6.336342e-03
1.240000e+01 6.525965e-03
1.250000e+01 6.717046e-03
1.260000e+01 6.909582e-03
1.270000e+01 7.103571e-03
1.280000e+01 7.299013e-03
1.290000e+01 7.495905e-03
1.300000e+01 7.694244e-03
1.310000e+01 7.894030e-03
1.320000e+01 8.095260e-03
1.330000e+01 8.297932e-03
1.340000e+01 8.502044e-03
1.350000e+01 8.707595e-03
1.360000e+01 8.914583e-03
1.370000e+01 9.123005e-03
1.380000e+01 9.332859e-03
1.390000e+01 9.544144e-03
1.400000e+01 9.756857e-03
1.410000e+01 9.970997e-03
1.420000e+01 1.018656e-02
1.430000e+01 1.040355e-02
1.440000e+01 1.062195e-02
1.450000e+01 1.084178e-02
1.460000e+01 1.106302e-02
1.470000e+01 1.128568e-02
1.480000e+01 1.150974e-02
1.490000e+01 1.173522e-02
1.500000e+01 1.196210e-02
1.510000e+01 1.219039e-02
1.520000e+01 1.242009e-02
1.530000e+01 1.265118e-02
1.540000e+01 1.288368e-02
1.550000e+01 1.311757e-02
1.560000e+01 1.335285e-02
1.570000e+01 1.358953e-02
1.580000e+01 1.382760e-02
1.590000e+01 1.406705e-02
1.600000e+01 1.430789e-02
1.610000e+01 1.455012e-02
1.620000e+01 1.479372e-02
1.630000e+01 1.503871e-02
1.640000e+01 1.528507e-02
1.650000e+01 1.553281e-02
1.660000e+01 1.578191e-02
1.670000e+01 1.603239e-02
1.680000e+01 1.628424e-02
1.690000e+01 1.653745e-02
1.700000e+01 1.679202e-02
1.710000e+01 1.704795e-02
1.720000e+01 1.730524e-02
1.730000e+01 1.756389e-02
1.740000e+01 1.782389e-02
1.750000e+01 1.808524e-02
1.760000e+01 1.834793e-02
1.770000e+01 1.861198e-02
1.780000e+01 1.887736e-02
1.790000e+01 1.914409e-02
1.800000e+01 1.941216e-02
1.810000e+01 1.968156e-02
1.820000e+01 1.995230e-02
1.830000e+01 2.022437e-02
1.840000e+01 2.049776e-02
1.850000e+01 2.077248e-02
1.860000e+01 2.104853e-02
1.870000e+01 2.132590e-02
1.880000e+01 2.160458e-02
1.890000e+01 2.188458e-02
1.900000e+01 2.216590e-02
1.910000e+01 2.244852e-02
1.920000e+01 2.273245e-02
1.930000e+01 2.301769e-02
1.940000e+01 2.330423e-02
1.950000e+01 2.359207e-02
1.960000e+01 2.388121e-02
1.970000e+01 2.417165e-02
1.980000e+01 2.446338e-02
1.990000e+01 2.475639e-02
2.000000e+01 2.505070e-02
2.010000e+01 2.534629e-02
2.020000e+01 2.564316e-02
2.030000e+01 2.594131e-02
2.040000e+01 2.624073e-02
2.050000e+01 2.654143e-02
2.060000e+01 2.684341e-02
2.070000e+01 2.714665e-02
2.080000e+01 2.745115e-02
2.090000e+01 2.775692e-02
2.100000e+01 2.806395e-02
2.110000e+01 2.837223e-02
2.120000e+01 2.868177e-02
2.130000e+01 2.899257e-02
2.140000e+01 2.930461e-02
2.150000e+01 2.961790e-02
2.160000e+01 2.993243e-02
2.170000e+01 3.024820e-02
2.180000e+01 3.056521e-02
2.190000e+01 3.088345e-02
2.200000e+01 3.120293e-02
2.210000e+01 3.152364e-02
2.220000e+01 3.184557e-02
2.230000e+01 3.216873e-02
2.240000e+01 3.249311e-02
2.250000e+01 3.281870e-02
2.260000e+01 3.314552e-02
2.270000e+01 3.347354e-02
2.280000e+01 3.380277e-02
2.290000e+01 3.413321e-02
2.300000e+01 3.446486e-02
2.310000e+01 3.479770e-02
2.320000e+01 3.513174e-02
2.330000e+01 3.546698e-02
2.340000e+01 3.580341e-02
2.350000e+01 3.614102e-02
2.360000e+01 3.647983e-02
2.370000e+01 3.681981e-02
2.380000e+01 3.716098e-02
2.390000e+01 3.750332e-02
2.400000e+01 3.784684e-02
2.410000e+01 3.819153e-02
2.420000e+01 3.853739e-02
2.430000e+01 3.888441e-02
2.440000e+01 3.923260e-02
2.450000e+01 3.958194e-02
2.460000e+01 3.993244e-02
2.470000e+01 4.028409e-02
2.480000e+01 4.063690e-02
2.490000e+01 4.099085e-02
2.500000e+01 4.134594e-02
2.510000e+01 4.170218e-02
2.520000e+01 4.205955e-02
2.530000e+01 4.241806e-02
2.540000e+01 4.277770e-02
2.550000e+01 4.313847e-02
2.560000e+01 4.350037e-02
2.570000e+01 4.386338e-02
2.580000e+01 4.422752e-02
2.590000e+01 4.459277e-02
2.600000e+01 4.495914e-02
2.610000e+01 4.532662e-02
2.620000e+01 4.569520e-02
2.630000e+01 4.606489e-02
2.640000e+01 4.643568e-02
2.650000e+01 4.680756e-02
2.660000e+01 4.718054e-02
2.670000e+01 4.755462e-02
2.680000e+01 4.792978e-02
2.690000e+01 4.830602e-02
2.700000e+01 4.868335e-02
2.710000e+01 4.906176e-02
2.720000e+01 4.944124e-02
2.730000e+01 4.982180e-02
2.740000e+01 5.020342e-02
2.750000e+01 5.058611e-02
2.760000e+01 5.096986e-02
2.770000e+01 5.135468e-02
2.780000e+01 5.174054e-02
2.790000e+01 5.212747e-02
2.800000e+01 5.251544e-02
2.810000e+01 5.290446e-02
2.820000e+01 5.329452e-02
2.830000e+01 5.368563e-02
2.840000e+01 5.407777e-02
2.850000e+01 5.447094e-02
2.860000e+01 5.486515e-02
2.870000e+01 5.526038e-02
2.880000e+01 5.565664e-02
2.890000e+01 5.605392e-02
2.900000e+01 5.645221e-02
2.910000e+01 5.685152e-02
2.920000e+01 5.725184e-02
2.930000e+01 5.765317e-02
2.940000e+01 5.805551e-02
2.950000e+01 5.845884e-02
2.960000e+01 5.886318e-02
2.970000e+01 5.926851e-02
2.980000e+01 5.967483e-02
2.990000e+01 6.008214e-02
3.000000e+01 6.049043e-02
3.010000e+01 6.089971e-02
3.020000e+01 6.130996e-02
3.030000e+01 6.172119e-02
3.040000e+01 6.213339e-02
3.050000e+01 6.254656e-02
3.060000e+01 6.296069e-02
3.070000e+01 6.337579e-02
3.080000e+01 6.379184e-02
3.090000e+01 6.420885e-02
3.100000e+01 6.462681e-02
3.110000e+01 6.504572e-02
3.120000e+01 6.546558e-02
3.130000e+01 6.588638e-02
3.140000e+01 6.630811e-02
3.150000e+01 6.673078e-02
3.160000e+01 6.715438e-02
3.170000e+01 6.757891e-02
3.180000e+01 6.800437e-02
3.190000e+01 6.843075e-02
3.200000e+01 6.885804e-02
3.210000e+01 6.928625e-02
3.220000e+01 6.971538e-02
3.230000e+01 7.014541e-02
3.240000e+01 7.057634e-02
3.250000e+01 7.100818e-02
3.260000e+01 7.144091e-02
3.270000e+01 7.187454e-02
3.280000e+01 7.230907e-02
3.290000e+01 7.274447e-02
3.300000e+01 7.318077e-02
3.310000e+01 7.361794e-02
3.320000e+01 7.405600e-02
3.330000e+01 7.449492e-02
3.340000e+01 7.493472e-02
3.350000e+01 7.537539e-02
3.360000e+01 7.581692e-02
3.370000e+01 7.625931e-02
3.380000e+01 7.670255e-02
3.390000e+01 7.714666e-02
3.400000e+01 7.759161e-02
3.410000e+01 7.803741e-02
3.420000e+01 7.848405e-02
3.430000e+01 7.893154e-02
3.440000e+01 7.937986e-02
3.450000e+01 7.982901e-02
3.460000e+01 8.027900e-02
3.470000e+01 8.072981e-02
3.480000e+01 8.118144e-02
3.490000e+01 8.163389e-02
3.500000e+01 8.208716e-02
3.510000e+01 8.254125e-02
3.520000e+01 8.299614e-02
3.530000e+01 8.345184e-02
3.540000e+01 8.390834e-02
3.550000e+01 8.436564e-02
3.560000e+01 8.482374e-02
3.570000e+01 8.528263e-02
3.580000e+01 8.574230e-02
3.590000e+01 8.620277e-02
3.600000e+01 8.666401e-02
3.610000e+01 8.712603e-02
3.620000e+01 8.758883e-02
3.630000e+01 8.805240e-02
3.640000e+01 8.851674e-02
3.650000e+01 8.898185e-02
3.660000e+01 8.944771e-02
3.670000e+01 8.991433e-02
3.680000e+01 9.038171e-02
3.690000e+01 9.084984e-02
3.700000e+01 9.131871e-02
3.710000e+01 9.178833e-02
3.720000e+01 9.225869e-02
3.730000e+01 9.272979e-02
3.740000e+01 9.320162e-02
3.750000e+01 9.367418e-02
3.760000e+01 9.414747e-02
3.770000e+01 9.462148e-02
3.780000e+01 9.509621e-02
3.790000e+01 9.557166e-02
3.800000e+01 9.604782e-02
3.810000e+01 9.652469e-02
3.820000e+01 9.700227e-02
3.830000e+01 9.748055e-02
3.840000e+01 9.795953e-02
3.850000e+01 9.843920e-02
3.860000e+01 9.891957e-02
3.870000e+01 9.940062e-02
3.880000e+01 9.988236e-02
3.890000e+01 1.003648e-01
3.900000e+01 1.008479e-01
3.910000e+01 1.013317e-01
3.920000e+01 1.018161e-01
3.930000e+01 1.023012e-01
3.940000e+01 1.027870e-01
3.950000e+01 1.032734e-01
3.960000e+01 1.037605e-01
3.970000e+01 1.042483e-01
3.980000e+01 1.047367e-01
3.990000e+01 1.052257e-01
4.000000e+01 1.057154e-01
4.010000e+01 1.062058e-01
4.020000e+01 1.066967e-01
4.030000e+01 1.071884e-01
4.040000e+01 1.076806e-01
4.050000e+01 1.081735e-01
4.060000e+01 1.086669e-01
4.070000e+01 1.091610e-01
4.080000e+01 1.096558e-01
4.090000e+01 1.101511e-01
4.100000e+01 1.106470e-01
4.110000e+01 1.111436e-01
4.120000e+01 1.116407e-01
4.130000e+01 1.121385e-01
4.140000e+01 1.126368e-01
4.150000e+01 1.131358e-01
4.160000e+01 1.136353e-01
4.170000e+01 1.141354e-01
4.180000e+01 1.146361e-01
4.190000e+01 1.151374e-01
4.200000e+01 1.156392e-01
4.210000e+01 1.161416e-01
4.220000e+01 1.166446e-01
4.230000e+01 1.171482e-01
4.240000e+01 1.176523e-01
4.250000e+01 1.181569e-01
4.260000e+01 1.186622e-01
4.270000e+01 1.191679e-01
4.280000e+01 1.196743e-01
4.290000e+01 1.201811e-01
4.300000e+01 1.206885e-01
4.310000e+01 1.211965e-01
4.320000e+01 1.217049e-01
4.330000e+01 1.222139e-01
4.340000e+01 1.227235e-01
4.350000e+01 1.232335e-01
4.360000e+01 1.237441e-01
4.370000e+01 1.242552e-01
4.380000e+01 1.247668e-01
4.390000e+01 1.252789e-01
4.400000e+01 1.257915e-01
4.410000e+01 1.263046e-01
4.420000e+01 1.268183e-01
4.430000e+01 1.273324e-01
4.440000e+01 1.278470e-01
4.450000e+01 1.283621e-01
4.460000e+01 1.288777e-01
4.470000e+01 1.293937e-01
4.480000e+01 1.299103e-01
4.490000e+01 1.304273e-01
4.500000e+01 1.309448e-01
4.510000e+01 1.314628e-01
4.520000e+01 1.319812e-01
4.530000e+01 1.325001e-01
4.540000e+01 1.330194e-01
4.550000e+01 1.335392e-01
4.560000e+01 1.340595e-01
4.570000e+01 1.345802e-01
4.580000e+01 1.351013e-01
4.590000e+01 1.356229e-01
4.600000e+01 1.361449e-01
4.610000e+01 1.366674e-01
4.620000e+01 1.371903e-01
4.630000e+01 1.377136e-01
4.640000e+01 1.382373e-01
4.650000e+01 1.387615e-01
4.660000e+01 1.392861e-01
4.670000e+01 1.398111e-01
4.680000e+01 1.403365e-01
4.690000e+01 1.408623e-01
4.700000e+01 1.413885e-01
4.710000e+01 1.419151e-01
4.720000e+01 1.424422e-01
4.730000e+01 1.429696e-01
4.740000e+01 1.434974e-01
4.750000e+01 1.440256e-01
4.760000e+01 1.445541e-01
4.770000e+01 1.450831e-01
4.780000e+01 1.456124e-01
4.790000e+01 1.461421e-01
4.800000e+01 1.466722e-01
4.810000e+01 1.472026e-01
4.820000e+01 1.477335e-01
4.830000e+01 1.482646e-01
4.840000e+01 1.487961e-01
4.850000e+01 1.493280e-01
4.860000e+01 1.498603e-01
4.870000e+01 1.503928e-01
4.880000e+01 1.509258e-01
4.890000e+01 1.514590e-01
4.900000e+01 1.519926e-01
4.910000e+01 1.525265e-01
4.920000e+01 1.530608e-01
4.930000e+01 1.535954e-01
4.940000e+01 1.541303e-01
4.950000e+01 1.546656e-01
4.960000e+01 1.552011e-01
4.970000e+01 1.557370e-01
4.980000e+01 1.562732e-01
4.990000e+01 1.568096e-01
5.000000e+01 1.573464e-01
5.010000e+01 1.578835e-01
5.020000e+01 1.584209e-01
5.030000e+01 1.589586e-01
5.040000e+01 1.594966e-01
5.050000e+01 1.600348e-01
5.060000e+01 1.605734e-01
5.070000e+01 1.611122e-01
5.080000e+01 1.616513e-01
5.090000e+01 1.621907e-01
5.100000e+01 1.627304e-01
5.110000e+01 1.632703e-01
5.120000e+01 1.638105e-01
5.130000e+01 1.643509e-01
5.140000e+01 1.648916e-01
5.150000e+01 1.654326e-01
5.160000e+01 1.659738e-01
5.170000e+01 1.665153e-01
5.180000e+01 1.670570e-01
5.190000e+01 1.675989e-01
5.200000e+01 1.681411e-01
5.210000e+01 1.686835e-01
5.220000e+01 1.692262e-01
5.230000e+01 1.697691e-01
5.240000e+01 1.703122e-01
5.250000e+01 1.708555e-01
5.260000e+01 1.713991e-01
5.270000e+01 1.719429e-01
5.280000e+01 1.724869e-01
5.290000e+01 1.730311e-01
5.300000e+01 1.735755e-01
5.310000e+01 1.741201e-01
5.320000e+01 1.746649e-01
5.330000e+01 1.752099e-01
5.340000e+01 1.757551e-01
5.350000e+01 1.763005e-01
5.360000e+01 1.768460e-01
5.370000e+01 1.773918e-01
5.380000e+01 1.779378e-01
5.390000e+01 1.784839e-01
5.400000e+01 1.790302e-01
5.410000e+01 1.795766e-01
5.420000e+01 1.801233e-01
5.430000e+01 1.806701e-01
5.440000e+01 1.812170e-01
5.450000e+01 1.817642e-01
5.460000e+01 1.823114e-01
5.470000e+01 1.828589e-01
5.480000e+01 1.834065e-01
5.490000e+01 1.839542e-01
5.500000e+01 1.845021e-01
5.510000e+01 1.850501e-01
5.520000e+01 1.855982e-01
5.530000e+01 1.861465e-01
5.540000e+01 1.866949e-01
5.550000e+01 1.872435e-01
5.560000e+01 1.877921e-01
5.570000e+01 1.883409e-01
5.580000e+01 1.888898e-01
5.590000e+01 1.894388e-01
5.600000e+01 1.899880e-01
5.610000e+01 1.905372e-01
5.620000e+01 1.910866e-01
5.630000e+01 1.916360e-01
5.640000e+01 1.921856e-01
5.650000e+01 1.927352e-01
5.660000e+01 1.932850e-01
5.670000e+01 1.938348e-01
5.680000e+01 1.943847e-01
5.690000e+01 1.949347e-01
5.700000e+01 1.954848e-01
5.710000e+01 1.960350e-01
5.720000e+01 1.965852e-01
5.730000e+01 1.971355e-01
5.740000e+01 1.976859e-01
5.750000e+01 1.982364e-01
5.760000e+01 1.987869e-01
5.770000e+01 1.993374e-01
5.780000e+01 1.998881e-01
5.790000e+01 2.004388e-01
5.800000e+01 2.009895e-01
5.810000e+01 2.015403e-01
5.820000e+01 2.020911e-01
5.830000e+01 2.026420e-01
5.840000e+01 2.031929e-01
5.850000e+01 2.037438e-01
5.860000e+01 2.042948e-01
5.870000e+01 2.048458e-01
5.880000e+01 2.053968e-01
5.890000e+01 2.059479e-01
5.900000e+01 2.064990e-01
5.910000e+01 2.070500e-01
5.920000e+01 2.076012e-01
5.930000e+01 2.081523e-01
5.940000e+01 2.087034e-01
5.950000e+01 2.092545e-01
5.960000e+01 2.098057e-01
5.970000e+01 2.103568e-01
5.980000e+01 2.109079e-01
5.990000e+01 2.114591e-01
6.000000e+01 2.120102e-01
6.010000e+01 2.125613e-01
6.020000e+01 2.131124e-01
6.030000e+01 2.136635e-01
6.040000e+01 2.142145e-01
6.050000e+01 2.147656e-01
6.060000e+01 2.153166e-01
6.070000e+01 2.158675e-01
6.080000e+01 2.164185e-01
6.090000e+01 2.169694e-01
6.100000e+01 2.175203e-01
6.110000e+01 2.180711e-01
6.120000e+01 2.186219e-01
6.130000e+01 2.191726e-01
6.140000e+01 2.197233e-01
6.150000e+01 2.202739e-01
6.160000e+01 2.208245e-01
6.170000e+01 2.213750e-01
6.180000e+01 2.219255e-01
6.190000e+01 2.224759e-01
6.200000e+01 2.230262e-01
6.210000e+01 2.235764e-01
6.220000e+01 2.241266e-01
6.230000e+01 2.246767e-01
6.240000e+01 2.252268e-01
6.250000e+01 2.257767e-01
6.260000e+01 2.263266e-01
6.270000e+01 2.268763e-01
6.280000e+01 2.274260e-01
6.290000e+01 2.279756e-01
6.300000e+01 2.285251e-01
6.310000e+01 2.290745e-01
6.320000e+01 2.296238e-01
6.330000e+01 2.301730e-01
6.340000e+01 2.307221e-01
6.350000e+01 2.312710e-01
6.360000e+01 2.318199e-01
6.370000e+01 2.323686e-01
6.380000e+01 2.329173e-01
6.390000e+01 2.334658e-01
6.400000e+01 2.340141e-01
6.410000e+01 2.345624e-01
6.420000e+01 2.351105e-01
6.430000e+01 2.356585e-01
6.440000e+01 2.362064e-01
6.450000e+01 2.367541e-01
6.460000e+01 2.373017e-01
6.470000e+01 2.378491e-01
6.480000e+01 2.383964e-01
6.490000e+01 2.389435e-01
6.500000e+01 2.394905e-01
6.510000e+01 2.400373e-01
6.520000e+01 2.405840e-01
6.530000e+01 2.411305e-01
6.540000e+01 2.416769e-01
6.550000e+01 2.422231e-01
6.560000e+01 2.427691e-01
6.570000e+01 2.433149e-01
6.580000e+01 2.438606e-01
6.590000e+01 2.444061e-01
6.600000e+01 2.449514e-01
6.610000e+01 2.454966e-01
6.620000e+01 2.460415e-01
6.630000e+01 2.465863e-01
6.640000e+01 2.471308e-01
6.650000e+01 2.476752e-01
6.660000e+01 2.482194e-01
6.670000e+01 2.487634e-01
6.680000e+01 2.493072e-01
6.690000e+01 2.498508e-01
6.700000e+01 2.503941e-01
6.710000e+01 2.509373e-01
6.720000e+01 2.514803e-01
6.730000e+01 2.520230e-01
6.740000e+01 2.525655e-01
6.750000e+01 2.531078e-01
6.760000e+01 2.536499e-01
6.770000e+01 2.541918e-01
6.780000e+01 2.547334e-01
6.790000e+01 2.552748e-01
6.800000e+01 2.558160e-01
6.810000e+01 2.563569e-01
6.820000e+01 2.568976e-01
6.830000e+01 2.574380e-01
6.840000e+01 2.579782e-01
6.850000e+01 2.585182e-01
6.860000e+01 2.590579e-01
6.870000e+01 2.595974e-01
6.880000e+01 2.601366e-01
6.890000e+01 2.606756e-01
6.900000e+01 2.612143e-01
6.910000e+01 2.617527e-01
6.920000e+01 2.622909e-01
6.930000e+01 2.628288e-01
6.940000e+01 2.633664e-01
6.950000e+01 2.639038e-01
6.960000e+01 2.644408e-01
6.970000e+01 2.649777e-01
6.980000e+01 2.655142e-01
6.990000e+01 2.660504e-01
7.000000e+01 2.665864e-01
7.010000e+01 2.671221e-01
7.020000e+01 2.676575e-01
7.030000e+01 2.681926e-01
7.040000e+01 2.687274e-01
7.050000e+01 2.692619e-01
7.060000e+01 2.697961e-01
7.070000e+01 2.703300e-01
7.080000e+01 2.708636e-01
7.090000e+01 2.713968e-01
7.100000e+01 2.719298e-01
7.110000e+01 2.724625e-01
7.120000e+01 2.729948e-01
7.130000e+01 2.735269e-01
7.140000e+01 2.740586e-01
7.150000e+01 2.745900e-01
7.160000e+01 2.751210e-01
7.170000e+01 2.756518e-01
7.180000e+01 2.761822e-01
7.190000e+01 2.767123e-01
7.200000e+01 2.772420e-01
7.210000e+01 2.777714e-01
7.220000e+01 2.783005e-01
7.230000e+01 2.788292e-01
7.240000e+01 2.793576e-01
7.250000e+01 2.798856e-01
7.260000e+01 2.804133e-01
7.270000e+01 2.809406e-01
7.280000e+01 2.814676e-01
7.290000e+01 2.819942e-01
7.300000e+01 2.825204e-01
7.310000e+01 2.830463e-01
7.320000e+01 2.835718e-01
7.330000e+01 2.840970e-01
7.340000e+01 2.846218e-01
7.350000e+01 2.851462e-01
7.360000e+01 2.856703e-01
7.370000e+01 2.861939e-01
7.380000e+01 2.867172e-01
7.390000e+01 2.872401e-01
7.400000e+01 2.877627e-01
7.410000e+01 2.882848e-01
7.420000e+01 2.888066e-01
7.430000e+01 2.893279e-01
7.440000e+01 2.898489e-01
7.450000e+01 2.903695e-01
7.460000e+01 2.908897e-01
7.470000e+01 2.914094e-01
7.480000e+01 2.919288e-01
7.490000e+01 2.924478e-01
7.500000e+01 2.929663e-01
7.510000e+01 2.934845e-01
7.520000e+01 2.940022e-01
7.530000e+01 2.945195e-01
7.540000e+01 2.950365e-01
7.550000e+01 2.955529e-01
7.560000e+01 2.960690e-01
7.570000e+01 2.965847e-01
7.580000e+01 2.970999e-01
7.590000e+01 2.976147e-01
7.600000e+01 2.981290e-01
7.610000e+01 2.986430e-01
7.620000e+01 2.991564e-01
7.630000e+01 2.996695e-01
7.640000e+01 3.001821e-01
7.650000e+01 3.006943e-01
7.660000e+01 3.012060e-01
7.670000e+01 3.017173e-01
7.680000e+01 3.022281e-01
7.690000e+01 3.027385e-01
7.700000e+01 3.032484e-01
7.710000e+01 3.037579e-01
7.720000e+01 3.042669e-01
7.730000e+01 3.047755e-01
7.740000e+01 3.052836e-01
7.750000e+01 3.057912e-01
7.760000e+01 3.062984e-01
7.770000e+01 3.068051e-01
7.780000e+01 3.073113e-01
7.790000e+01 3.078170e-01
7.800000e+01 3.083223e-01
7.810000e+01 3.088271e-01
7.820000e+01 3.093314e-01
7.830000e+01 3.098352e-01
7.840000e+01 3.103386e-01
7.850000e+01 3.108414e-01
7.860000e+01 3.113438e-01
7.870000e+01 3.118457e-01
7.880000e+01 3.123471e-01
7.890000e+01 3.128479e-01
7.900000e+01 3.133483e-01
7.910000e+01 3.138482e-01
7.920000e+01 3.143476e-01
7.930000e+01 3.148465e-01
7.940000e+01 3.153449e-01
7.950000e+01 3.158427e-01
7.960000e+01 3.163401e-01
7.970000e+01 3.168369e-01
7.980000e+01 3.173333e-01
7.990000e+01 3.178291e-01
8.000000e+01 3.183244e-01
8.010000e+01 3.188191e-01
8.020000e+01 3.193134e-01
8.030000e+01 3.198071e-01
8.040000e+01 3.203003e-01
8.050000e+01 3.207929e-01
8.060000e+01 3.212851e-01
8.070000e+01 3.217766e-01
8.080000e+01 3.222677e-01
8.090000e+01 3.227582e-01
8.100000e+01 3.232482e-01
8.110000e+01 3.237376e-01
8.120000e+01 3.242265e-01
8.130000e+01 3.247149e-01
8.140000e+01 3.252026e-01
8.150000e+01 3.256899e-01
8.160000e+01 3.261766e-01
8.170000e+01 3.266627e-01
8.180000e+01 3.271483e-01
8.190000e+01 3.276333e-01
8.200000e+01 3.281177e-01
8.210000e+01 3.286016e-01
8.220000e+01 3.290849e-01
8.230000e+01 3.295677e-01
8.240000e+01 3.300499e-01
8.250000e+01 3.305315e-01
8.260000e+01 3.310125e-01
8.270000e+01 3.314930e-01
8.280000e+01 3.319729e-01
8.290000e+01 3.324522e-01
8.300000e+01 3.329309e-01
8.310000e+01 3.334090e-01
8.320000e+01 3.338866e-01
8.330000e+01 3.343635e-01
8.340000e+01 3.348399e-01
8.350000e+01 3.353157e-01
8.360000e+01 3.357909e-01
8.370000e+01 3.362655e-01
8.380000e+01 3.367394e-01
8.390000e+01 3.372128e-01
8.400000e+01 3.376856e-01
8.410000e+01 3.381578e-01
8.420000e+01 3.386294e-01
8.430000e+01 3.391003e-01
8.440000e+01 3.395707e-01
8.450000e+01 3.400404e-01
8.460000e+01 3.405096e-01
8.470000e+01 3.409781e-01
8.480000e+01 3.414460e-01
8.490000e+01 3.419133e-01
8.500000e+01 3.423799e-01
8.510000e+01 3.428459e-01
8.520000e+01 3.433113e-01
8.530000e+01 3.437761e-01
8.540000e+01 3.442403e-01
8.550000e+01 3.447038e-01
8.560000e+01 3.451667e-01
8.570000e+01 3.456289e-01
8.580000e+01 3.460905e-01
8.590000e+01 3.465515e-01
8.600000e+01 3.470118e-01
8.610000e+01 3.474715e-01
8.620000e+01 3.479305e-01
8.630000e+01 3.483889e-01
8.640000e+01 3.488467e-01
8.650000e+01 3.493037e-01
8.660000e+01 3.497602e-01
8.670000e+01 3.502160e-01
8.680000e+01 3.506711e-01
8.690000e+01 3.511256e-01
8.700000e+01 3.515794e-01
8.710000e+01 3.520325e-01
8.720000e+01 3.524850e-01
8.730000e+01 3.529368e-01
8.740000e+01 3.533879e-01
8.750000e+01 3.538384e-01
8.760000e+01 3.542882e-01
8.770000e+01 3.547374e-01
8.780000e+01 3.551858e-01
8.790000e+01 3.556336e-01
8.800000e+01 3.560807e-01
8.810000e+01 3.565271e-01
8.820000e+01 3.569729e-01
8.830000e+01 3.574179e-01
8.840000e+01 3.578623e-01
8.850000e+01 3.583060e-01
8.860000e+01 3.587489e-01
8.870000e+01 3.591912e-01
8.880000e+01 3.596329e-01
8.890000e+01 3.600738e-01
8.900000e+01 3.605140e-01
8.910000e+01 3.609535e-01
8.920000e+01 3.613923e-01
8.930000e+01 3.618304e-01
8.940000e+01 3.622678e-01
8.950000e+01 3.627045e-01
8.960000e+01 3.631405e-01
8.970000e+01 3.635758e-01
8.980000e+01 3.640104e-01
8.990000e+01 3.644442e-01
9.000000e+01 3.648774e-01
9.010000e+01 3.653098e-01
9.020000e+01 3.657415e-01
9.030000e+01 3.661725e-01
9.040000e+01 3.666028e-01
9.050000e+01 3.670323e-01
9.060000e+01 3.674611e-01
9.070000e+01 3.678892e-01
9.080000e+01 3.683166e-01
9.090000e+01 3.687432e-01
9.100000e+01 3.691691e-01
9.110000e+01 3.695943e-01
9.120000e+01 3.700187e-01
9.130000e+01 3.704424e-01
9.140000e+01 3.708653e-01
9.150000e+01 3.712875e-01
9.160000e+01 3.717090e-01
9.170000e+01 3.721297e-01
9.180000e+01 3.725497e-01
9.190000e+01 3.729690e-01
9.200000e+01 3.733874e-01
9.210000e+01 3.738052e-01
9.220000e+01 3.742221e-01
9.230000e+01 3.746384e-01
9.240000e+01 3.750538e-01
9.250000e+01 3.754685e-01
9.260000e+01 3.758825e-01
9.270000e+01 3.762957e-01
9.280000e+01 3.767081e-01
9.290000e+01 3.771198e-01
9.300000e+01 3.775307e-01
9.310000e+01 3.779408e-01
9.320000e+01 3.783502e-01
9.330000e+01 3.787588e-01
9.340000e+01 3.791666e-01
9.350000e+01 3.795736e-01
9.360000e+01 3.799799e-01
9.370000e+01 3.803854e-01
9.380000e+01 3.807901e-01
9.390000e+01 3.811940e-01
9.400000e+01 3.815972e-01
9.410000e+01 3.819995e-01
9.420000e+01 3.824011e-01
9.430000e+01 3.828019e-01
9.440000e+01 3.832019e-01
9.450000e+01 3.836011e-01
9.460000e+01 3.839995e-01
9.470000e+01 3.843971e-01
9.480000e+01 3.847940e-01
9.490000e+01 3.851900e-01
9.500000e+01 3.855852e-01
9.510000e+01 3.859797e-01
9.520000e+01 3.863733e-01
9.530000e+01 3.867661e-01
9.540000e+01 3.871582e-01
9.550000e+01 3.875494e-01
9.560000e+01 3.879398e-01
9.570000e+01 3.883294e-01
9.580000e+01 3.887182e-01
9.590000e+01 3.891062e-01
9.600000e+01 3.894934e-01
9.610000e+01 3.898797e-01
9.620000e+01 3.902652e-01
9.630000e+01 3.906500e-01
9.640000e+01 3.910339e-01
9.650000e+01 3.914169e-01
9.660000e+01 3.917992e-01
9.670000e+01 3.921806e-01
9.680000e+01 3.925612e-01
9.690000e+01 3.929410e-01
9.700000e+01 3.933199e-01
9.710000e+01 3.936981e-01
9.720000e+01 3.940753e-01
9.730000e+01 3.944518e-01
9.740000e+01 3.948274e-01
9.750000e+01 3.952022e-01
9.760000e+01 3.955761e-01
9.770000e+01 3.959492e-01
9.780000e+01 3.963215e-01
9.790000e+01 3.966929e-01
9.800000e+01 3.970635e-01
9.810000e+01 3.974332e-01
9.820000e+01 3.978021e-01
9.830000e+01 3.981701e-01
9.840000e+01 3.985373e-01
9.850000e+01 3.989036e-01
9.860000e+01 3.992691e-01
9.870000e+01 3.996337e-01
9.880000e+01 3.999975e-01
9.890000e+01 4.003604e-01
9.900000e+01 4.007225e-01
9.910000e+01 4.010836e-01
9.920000e+01 4.014440e-01
9.930000e+01 4.018034e-01
9.940000e+01 4.021621e-01
9.950000e+01 4.025198e-01
9.960000e+01 4.028767e-01
9.970000e+01 4.032327e-01
9.980000e+01 4.035878e-01
9.990000e+01 4.039421e-01
1.000000e+02 4.042955e-01
