0 -0.000000e+00 0.000000e+00 0.000000e+00
1.000000e-01 -1.618898e+00 1.010402e+00 -1.998823e-02
2.000000e-01 -1.737917e+00 1.092917e+00 -3.981305e-02
3.000000e-01 -1.880460e+00 1.185567e+00 -5.936487e-02
4.000000e-01 -2.038205e+00 1.282269e+00 -7.853585e-02
5.000000e-01 -2.202193e+00 1.376740e+00 -9.722048e-02
6.000000e-01 -2.363286e+00 1.462870e+00 -1.153162e-01
7.000000e-01 -2.512631e+00 1.535075e+00 -1.327238e-01
8.000000e-01 -2.642096e+00 1.588626e+00 -1.493481e-01
9.000000e-01 -2.744668e+00 1.619916e+00 -1.650986e-01
1.000000e+00 -2.814786e+00 1.626661e+00 -1.798896e-01
1.100000e+00 -2.848600e+00 1.608029e+00 -1.936408e-01
1.200000e+00 -2.844135e+00 1.564674e+00 -2.062778e-01
1.300000e+00 -2.801361e+00 1.498691e+00 -2.177327e-01
1.400000e+00 -2.722168e+00 1.413482e+00 -2.279440e-01
1.500000e+00 -2.610241e+00 1.313553e+00 -2.368571e-01
1.600000e+00 -2.470850e+00 1.204247e+00 -2.444248e-01
1.700000e+00 -2.310563e+00 1.091423e+00 -2.506073e-01
1.800000e+00 -2.136898e+00 9.811226e-01 -2.553724e-01
1.900000e+00 -1.957931e+00 8.792094e-01 -2.586960e-01
2.000000e+00 -1.781888e+00 7.910375e-01 -2.605617e-01
2.100000e+00 -1.616725e+00 7.211409e-01 -2.609613e-01
2.200000e+00 -1.469736e+00 6.729754e-01 -2.598946e-01
2.300000e+00 -1.347195e+00 6.487236e-01 -2.573694e-01
2.400000e+00 -1.254052e+00 6.491738e-01 -2.534018e-01
2.500000e+00 -1.193702e+00 6.736785e-01 -2.480154e-01
2.600000e+00 -1.167838e+00 7.201972e-01 -2.412418e-01
2.700000e+00 -1.176380e+00 7.854169e-01 -2.331203e-01
2.800000e+00 -1.217503e+00 8.649460e-01 -2.236974e-01
2.900000e+00 -1.287753e+00 9.535687e-01 -2.130267e-01
3.000000e+00 -1.382232e+00 1.045545e+00 -2.011687e-01
3.100000e+00 -1.494865e+00 1.134942e+00 -1.881903e-01
3.200000e+00 -1.618721e+00 1.215968e+00 -1.741644e-01
3.300000e+00 -1.746365e+00 1.283310e+00 -1.591698e-01
3.400000e+00 -1.870240e+00 1.332430e+00 -1.432905e-01
3.500000e+00 -1.983052e+00 1.359824e+00 -1.266151e-01
3.600000e+00 -2.078128e+00 1.363218e+00 -1.092368e-01
3.700000e+00 -2.149753e+00 1.341700e+00 -9.125234e-02
3.800000e+00 -2.193444e+00 1.295765e+00 -7.276184e-02
3.900000e+00 -2.206163e+00 1.227288e+00 -5.386814e-02
4.000000e+00 -2.186463e+00 1.139418e+00 -3.467619e-02
4.100000e+00 -2.134538e+00 1.036395e+00 -1.529255e-02
4.200000e+00 -2.052206e+00 9.233152e-01 4.175245e-03
4.300000e+00 -1.942799e+00 8.058388e-01 2.361923e-02
4.400000e+00 -1.810982e+00 6.898728e-01 4.293164e-02
4.500000e+00 -1.662507e+00 5.812381e-01 6.200545e-02
4.600000e+00 -1.503913e+00 4.853429e-01 8.073501e-02
4.700000e+00 -1.342192e+00 4.068786e-01 9.901658e-02
4.800000e+00 -1.184428e+00 3.495571e-01 1.167489e-01
4.900000e+00 -1.037441e+00 3.159032e-01 1.338337e-01
5.000000e+00 -9.074442e-01 3.071132e-01 1.501764e-01
5.100000e+00 -7.997323e-01 3.229883e-01 1.656865e-01
5.200000e+00 -7.184223e-01 3.619458e-01 1.802778e-01
5.300000e+00 -6.662529e-01 4.211074e-01 1.938695e-01
5.400000e+00 -6.444549e-01 4.964597e-01 2.063862e-01
5.500000e+00 -6.527002e-01 5.830777e-01 2.177581e-01
5.600000e+00 -6.891281e-01 6.753989e-01 2.279221e-01
5.700000e+00 -7.504501e-01 7.675329e-01 2.368214e-01
5.800000e+00 -8.321260e-01 8.535883e-01 2.444063e-01
5.900000e+00 -9.286022e-01 9.279999e-01 2.506341e-01
6.000000e+00 -1.033600e+00 9.858380e-01 2.554697e-01
6.100000e+00 -1.140439e+00 1.023082e+00 2.588855e-01
6.200000e+00 -1.242378e+00 1.036842e+00 2.608618e-01
6.300000e+00 -1.332962e+00 1.025522e+00 2.613866e-01
6.400000e+00 -1.406343e+00 9.889058e-01 2.604560e-01
6.500000e+00 -1.457582e+00 9.281726e-01 2.580739e-01
6.600000e+00 -1.482887e+00 8.458301e-01 2.542523e-01
6.700000e+00 -1.479810e+00 7.455782e-01 2.490109e-01
6.800000e+00 -1.447357e+00 6.321057e-01 2.423774e-01
6.900000e+00 -1.386037e+00 5.108324e-01 2.343868e-01
7.000000e+00 -1.297826e+00 3.876115e-01 2.250820e-01
7.100000e+00 -1.186062e+00 2.684079e-01 2.145126e-01
7.200000e+00 -1.055266e+00 1.589708e-01 2.027356e-01
7.300000e+00 -9.109101e-01 6.451753e-02 1.898142e-01
7.400000e+00 -7.591285e-01 -1.055261e-02 1.758184e-01
7.500000e+00 -6.064060e-01 -6.290016e-02 1.608236e-01
7.600000e+00 -4.592431e-01 -9.042900e-02 1.449110e-01
7.700000e+00 -3.238239e-01 -9.240183e-02 1.281670e-01
7.800000e+00 -2.057014e-01 -6.948117e-02 1.106823e-01
7.900000e+00 -1.095152e-01 -2.369392e-02 9.255203e-02
8.000000e+00 -3.875787e-02 4.167876e-02 7.387467e-02
8.100000e+00 4.400253e-03 1.222801e-01 5.475198e-02
8.200000e+00 1.921709e-02 2.129148e-01 3.528816e-02
8.300000e+00 6.412182e-03 3.078325e-01 1.558943e-02
8.400000e+00 -3.187527e-02 4.010409e-01 -4.236595e-03
8.500000e+00 -9.220084e-02 4.866323e-01 -2.408149e-02
8.600000e+00 -1.699960e-01 5.591054e-01 -4.383658e-02
8.700000e+00 -2.598060e-01 6.136658e-01 -6.339353e-02
8.800000e+00 -3.555736e-01 6.464863e-01 -8.264497e-02
8.900000e+00 -4.509512e-01 6.549166e-01 -1.014850e-01
9.000000e+00 -5.396293e-01 6.376279e-01 -1.198099e-01
9.100000e+00 -6.156602e-01 5.946855e-01 -1.375184e-01
9.200000e+00 -6.737639e-01 5.275467e-01 -1.545127e-01
9.300000e+00 -7.095977e-01 4.389820e-01 -1.706985e-01
9.400000e+00 -7.199782e-01 3.329262e-01 -1.859859e-01
9.500000e+00 -7.030424e-01 2.142653e-01 -2.002897e-01
9.600000e+00 -6.583406e-01 8.857257e-02 -2.135298e-01
9.700000e+00 -5.868566e-01 -3.819308e-02 -2.256317e-01
9.800000e+00 -4.909541e-01 -1.600094e-01 -2.365273e-01
9.900000e+00 -3.742517e-01 -2.711164e-01 -2.461545e-01
1.000000e+01 -2.414337e-01 -3.663285e-01 -2.544581e-01
1.010000e+01 -9.800623e-02 -4.413145e-01 -2.613901e-01
1.020000e+01 4.998832e-02 -4.928326e-01 -2.669096e-01
1.030000e+01 1.962846e-01 -5.189055e-01 -2.709836e-01
1.040000e+01 3.347184e-01 -5.189279e-01 -2.735864e-01
1.050000e+01 4.595445e-01 -4.936999e-01 -2.747007e-01
1.060000e+01 5.657335e-01 -4.453840e-01 -2.743168e-01
1.070000e+01 6.492299e-01 -3.773890e-01 -2.724332e-01
1.080000e+01 7.071607e-01 -2.941872e-01 -2.690567e-01
1.090000e+01 7.379820e-01 -2.010728e-01 -2.642018e-01
1.100000e+01 7.415564e-01 -1.038776e-01 -2.578914e-01
1.110000e+01 7.191578e-01 -8.656552e-03 -2.501559e-01
1.120000e+01 6.734037e-01 7.863794e-02 -2.410338e-01
1.130000e+01 6.081169e-01 1.524768e-01 -2.305708e-01
1.140000e+01 5.281257e-01 2.080518e-01 -2.188203e-01
1.150000e+01 4.390121e-01 2.415350e-01 -2.058424e-01
1.160000e+01 3.468211e-01 2.502843e-01 -1.917042e-01
1.170000e+01 2.577463e-01 2.329867e-01 -1.764790e-01
1.180000e+01 1.778080e-01 1.897292e-01 -1.602462e-01
1.190000e+01 1.125410e-01 1.219942e-01 -1.430907e-01
1.200000e+01 6.670744e-02 3.258128e-02 -1.251028e-01
1.210000e+01 4.405018e-02 -7.454328e-02 -1.063771e-01
1.220000e+01 4.709928e-02 -1.944586e-01 -8.701259e-02
1.230000e+01 7.704169e-02 -3.215529e-01 -6.711198e-02
1.240000e+01 1.336608e-01 -4.498244e-01 -4.678099e-02
1.250000e+01 2.153487e-01 -5.732027e-01 -2.612791e-02
1.260000e+01 3.191914e-01 -6.858744e-01 -5.263012e-03
1.270000e+01 4.411211e-01 -7.825944e-01 1.570201e-02
1.280000e+01 5.761290e-01 -8.589672e-01 3.665467e-02
1.290000e+01 7.185262e-01 -9.116826e-01 5.748227e-02
1.300000e+01 8.622411e-01 -9.386928e-01 7.807251e-02
1.310000e+01 1.001135e+00 -9.393226e-01 9.831408e-02
1.320000e+01 1.129322e+00 -9.143056e-01 1.180973e-01
1.330000e+01 1.241474e+00 -8.657454e-01 1.373145e-01
1.340000e+01 1.333102e+00 -7.970028e-01 1.558610e-01
1.350000e+01 1.400783e+00 -7.125168e-01 1.736352e-01
1.360000e+01 1.442344e+00 -6.175668e-01 1.905396e-01
1.370000e+01 1.456968e+00 -5.179909e-01 2.064809e-01
1.380000e+01 1.445241e+00 -4.198735e-01 2.213708e-01
1.390000e+01 1.409117e+00 -3.292201e-01 2.351263e-01
1.400000e+01 1.351819e+00 -2.516366e-01 2.476703e-01
1.410000e+01 1.277663e+00 -1.920294e-01 2.589319e-01
1.420000e+01 1.191840e+00 -1.543433e-01 2.688468e-01
1.430000e+01 1.100138e+00 -1.413504e-01 2.773579e-01
1.440000e+01 1.008644e+00 -1.545022e-01 2.844152e-01
1.450000e+01 9.234230e-01 -1.938515e-01 2.899763e-01
1.460000e+01 8.502013e-01 -2.580496e-01 2.940068e-01
1.470000e+01 7.940687e-01 -3.444177e-01 2.964802e-01
1.480000e+01 7.592116e-01 -4.490898e-01 2.973783e-01
1.490000e+01 7.486950e-01 -5.672184e-01 2.966912e-01
1.500000e+01 7.643022e-01 -6.932332e-01 2.944173e-01
1.510000e+01 8.064422e-01 -8.211375e-01 2.905634e-01
1.520000e+01 8.741286e-01 -9.448282e-01 2.851450e-01
1.530000e+01 9.650318e-01 -1.058421e+00 2.781855e-01
1.540000e+01 1.075601e+00 -1.156562e+00 2.697169e-01
1.550000e+01 1.201250e+00 -1.234718e+00 2.597792e-01
1.560000e+01 1.336597e+00 -1.289411e+00 2.484200e-01
1.570000e+01 1.475749e+00 -1.318410e+00 2.356950e-01
1.580000e+01 1.612606e+00 -1.320846e+00 2.216671e-01
1.590000e+01 1.741185e+00 -1.297258e+00 2.064063e-01
1.600000e+01 1.855927e+00 -1.249566e+00 1.899891e-01
1.610000e+01 1.951996e+00 -1.180971e+00 1.724988e-01
1.620000e+01 2.025522e+00 -1.095780e+00 1.540243e-01
1.630000e+01 2.073814e+00 -9.991773e-01 1.346599e-01
1.640000e+01 2.095492e+00 -8.969528e-01 1.145051e-01
1.650000e+01 2.090563e+00 -7.951899e-01 9.366375e-02
1.660000e+01 2.060419e+00 -6.999437e-01 7.224369e-02
1.670000e+01 2.007766e+00 -6.169179e-01 5.035610e-02
1.680000e+01 1.936477e+00 -5.511620e-01 2.811496e-02
1.690000e+01 1.851393e+00 -5.068026e-01 5.636474e-03
1.700000e+01 1.758067e+00 -4.868236e-01 -1.696156e-02
1.710000e+01 1.662474e+00 -4.929078e-01 -3.956034e-02
1.720000e+01 1.570695e+00 -5.253473e-01 -6.204071e-02
1.730000e+01 1.488600e+00 -5.830276e-01 -8.428376e-02
1.740000e+01 1.421540e+00 -6.634871e-01 -1.061715e-01
1.750000e+01 1.374064e+00 -7.630477e-01 -1.275873e-01
1.760000e+01 1.349684e+00 -8.770098e-01 -1.484169e-01
1.770000e+01 1.350687e+00 -9.999025e-01 -1.685485e-01
1.780000e+01 1.378019e+00 -1.125774e+00 -1.878739e-01
1.790000e+01 1.431230e+00 -1.248506e+00 -2.062884e-01
1.800000e+01 1.508504e+00 -1.362143e+00 -2.236922e-01
1.810000e+01 1.606750e+00 -1.461203e+00 -2.399901e-01
1.820000e+01 1.721764e+00 -1.540972e+00 -2.550927e-01
1.830000e+01 1.848454e+00 -1.597753e+00 -2.689164e-01
1.840000e+01 1.981101e+00 -1.629062e+00 -2.813841e-01
1.850000e+01 2.113666e+00 -1.633762e+00 -2.924255e-01
1.860000e+01 2.240103e+00 -1.612121e+00 -3.019777e-01
1.870000e+01 2.354676e+00 -1.565796e+00 -3.099852e-01
1.880000e+01 2.452262e+00 -1.497750e+00 -3.164005e-01
1.890000e+01 2.528622e+00 -1.412090e+00 -3.211842e-01
1.900000e+01 2.580617e+00 -1.313853e+00 -3.243055e-01
1.910000e+01 2.606379e+00 -1.208734e+00 -3.257420e-01
1.920000e+01 2.605408e+00 -1.102789e+00 -3.254801e-01
1.930000e+01 2.578595e+00 -1.002109e+00 -3.235150e-01
1.940000e+01 2.528178e+00 -9.125001e-01 -3.198507e-01
1.950000e+01 2.457623e+00 -8.391749e-01 -3.145003e-01
1.960000e+01 2.371442e+00 -7.864747e-01 -3.074856e-01
1.970000e+01 2.274956e+00 -7.576406e-01 -2.988370e-01
1.980000e+01 2.174014e+00 -7.546412e-01 -2.885938e-01
1.990000e+01 2.074688e+00 -7.780681e-01 -2.768036e-01
2.000000e+01 1.982950e+00 -8.271048e-01 -2.635221e-01
2.010000e+01 1.904360e+00 -8.995698e-01 -2.488132e-01
2.020000e+01 1.843775e+00 -9.920325e-01 -2.327483e-01
2.030000e+01 1.805089e+00 -1.099995e+00 -2.154060e-01
2.040000e+01 1.791032e+00 -1.218129e+00 -1.968719e-01
2.050000e+01 1.803028e+00 -1.340561e+00 -1.772380e-01
2.060000e+01 1.841112e+00 -1.461183e+00 -1.566026e-01
2.070000e+01 1.903938e+00 -1.573972e+00 -1.350691e-01
2.080000e+01 1.988841e+00 -1.673315e+00 -1.127462e-01
2.090000e+01 2.091985e+00 -1.754302e+00 -8.974689e-02
2.100000e+01 2.208558e+00 -1.812990e+00 -6.618821e-02
2.110000e+01 2.333030e+00 -1.846606e+00 -4.219035e-02
2.120000e+01 2.459439e+00 -1.853700e+00 -1.787621e-02
2.130000e+01 2.581712e+00 -1.834217e+00 6.629247e-03
2.140000e+01 2.693977e+00 -1.789504e+00 3.119968e-02
2.150000e+01 2.790876e+00 -1.722235e+00 5.570798e-02
2.160000e+01 2.867845e+00 -1.636271e+00 8.002695e-02
2.170000e+01 2.921359e+00 -1.536453e+00 1.040299e-01
2.180000e+01 2.949110e+00 -1.428351e+00 1.275915e-01
2.190000e+01 2.950134e+00 -1.317964e+00 1.505882e-01
2.200000e+01 2.924860e+00 -1.211402e+00 1.728989e-01
2.210000e+01 2.875088e+00 -1.114568e+00 1.944057e-01
2.220000e+01 2.803894e+00 -1.032839e+00 2.149945e-01
2.230000e+01 2.715466e+00 -9.707851e-01 2.345556e-01
2.240000e+01 2.614887e+00 -9.319268e-01 2.529841e-01
2.250000e+01 2.507866e+00 -9.185480e-01 2.701808e-01
2.260000e+01 2.400434e+00 -9.315760e-01 2.860523e-01
2.270000e+01 2.298633e+00 -9.705319e-01 3.005120e-01
2.280000e+01 2.208191e+00 -1.033556e+00 3.134801e-01
2.290000e+01 2.134225e+00 -1.117508e+00 3.248842e-01
2.300000e+01 2.080969e+00 -1.218128e+00 3.346599e-01
2.310000e+01 2.051551e+00 -1.330271e+00 3.427508e-01
2.320000e+01 2.047830e+00 -1.448170e+00 3.491092e-01
2.330000e+01 2.070297e+00 -1.565746e+00 3.536960e-01
2.340000e+01 2.118045e+00 -1.676930e+00 3.564812e-01
2.350000e+01 2.188826e+00 -1.775982e+00 3.574438e-01
2.360000e+01 2.279159e+00 -1.857795e+00 3.565723e-01
2.370000e+01 2.384520e+00 -1.918167e+00 3.538645e-01
2.380000e+01 2.499578e+00 -1.954022e+00 3.493277e-01
2.390000e+01 2.618478e+00 -1.963572e+00 3.429786e-01
2.400000e+01 2.735145e+00 -1.946412e+00 3.348433e-01
2.410000e+01 2.843608e+00 -1.903542e+00 3.249570e-01
2.420000e+01 2.938313e+00 -1.837313e+00 3.133642e-01
2.430000e+01 3.014417e+00 -1.751305e+00 3.001183e-01
2.440000e+01 3.068041e+00 -1.650133e+00 2.852813e-01
2.450000e+01 3.096477e+00 -1.539206e+00 2.689235e-01
2.460000e+01 3.098330e+00 -1.424442e+00 2.511234e-01
2.470000e+01 3.073589e+00 -1.311952e+00 2.319670e-01
2.480000e+01 3.023633e+00 -1.207717e+00 2.115476e-01
2.490000e+01 2.951151e+00 -1.117275e+00 1.899654e-01
2.500000e+01 2.860009e+00 -1.045423e+00 1.673267e-01
2.510000e+01 2.755039e+00 -9.959698e-01 1.437436e-01
2.520000e+01 2.641788e+00 -9.715277e-01 1.193336e-01
2.530000e+01 2.526224e+00 -9.733795e-01 9.421845e-02
2.540000e+01 2.414424e+00 -1.001409e+00 6.852427e-02
2.550000e+01 2.312249e+00 -1.054105e+00 4.238036e-02
2.560000e+01 2.225041e+00 -1.128648e+00 1.591880e-02
2.570000e+01 2.157336e+00 -1.221051e+00 -1.072628e-02
2.580000e+01 2.112627e+00 -1.326375e+00 -3.741939e-02
2.590000e+01 2.093180e+00 -1.438991e+00 -6.402433e-02
2.600000e+01 2.099914e+00 -1.552874e+00 -9.040491e-02
2.610000e+01 2.132354e+00 -1.661926e+00 -1.164256e-01
2.620000e+01 2.188652e+00 -1.760294e+00 -1.419525e-01
2.630000e+01 2.265690e+00 -1.842684e+00 -1.668533e-01
2.640000e+01 2.359240e+00 -1.904635e+00 -1.909990e-01
2.650000e+01 2.464187e+00 -1.942761e+00 -2.142638e-01
2.660000e+01 2.574802e+00 -1.954927e+00 -2.365259e-01
2.670000e+01 2.685043e+00 -1.940360e+00 -2.576682e-01
2.680000e+01 2.788869e+00 -1.899694e+00 -2.775793e-01
2.690000e+01 2.880565e+00 -1.834932e+00 -2.961532e-01
2.700000e+01 2.955042e+00 -1.749345e+00 -3.132908e-01
2.710000e+01 3.008102e+00 -1.647294e+00 -3.288997e-01
2.720000e+01 3.036662e+00 -1.534001e+00 -3.428952e-01
2.730000e+01 3.038917e+00 -1.415278e+00 -3.552004e-01
2.740000e+01 3.014436e+00 -1.297210e+00 -3.657468e-01
2.750000e+01 2.964181e+00 -1.185843e+00 -3.744747e-01
2.760000e+01 2.890462e+00 -1.086858e+00 -3.813333e-01
2.770000e+01 2.796809e+00 -1.005275e+00 -3.862814e-01
2.780000e+01 2.687792e+00 -9.451842e-01 -3.892871e-01
2.790000e+01 2.568775e+00 -9.095325e-01 -3.903285e-01
2.800000e+01 2.445636e+00 -8.999668e-01 -3.893935e-01
2.810000e+01 2.324458e+00 -9.167471e-01 -3.864800e-01
2.820000e+01 2.211203e+00 -9.587329e-01 -3.815960e-01
2.830000e+01 2.111405e+00 -1.023444e+00 -3.747595e-01
2.840000e+01 2.029871e+00 -1.107190e+00 -3.659985e-01
2.850000e+01 1.970431e+00 -1.205269e+00 -3.553509e-01
2.860000e+01 1.935738e+00 -1.312212e+00 -3.428642e-01
2.870000e+01 1.927122e+00 -1.422074e+00 -3.285954e-01
2.880000e+01 1.944526e+00 -1.528749e+00 -3.126107e-01
2.890000e+01 1.986505e+00 -1.626291e+00 -2.949854e-01
2.900000e+01 2.050304e+00 -1.709229e+00 -2.758031e-01
2.910000e+01 2.132003e+00 -1.772855e+00 -2.551557e-01
2.920000e+01 2.226723e+00 -1.813476e+00 -2.331429e-01
2.930000e+01 2.328886e+00 -1.828605e+00 -2.098714e-01
2.940000e+01 2.432506e+00 -1.817096e+00 -1.854548e-01
2.950000e+01 2.531506e+00 -1.779201e+00 -1.600128e-01
2.960000e+01 2.620041e+00 -1.716559e+00 -1.336707e-01
2.970000e+01 2.692803e+00 -1.632111e+00 -1.065586e-01
2.980000e+01 2.745303e+00 -1.529939e+00 -7.881111e-02
2.990000e+01 2.774108e+00 -1.415056e+00 -5.056636e-02
3.000000e+01 2.777022e+00 -1.293139e+00 -2.196545e-02
3.010000e+01 2.753202e+00 -1.170228e+00 6.848266e-03
3.020000e+01 2.703202e+00 -1.052408e+00 3.572993e-02
3.030000e+01 2.628945e+00 -9.454887e-01 6.453389e-02
3.040000e+01 2.533622e+00 -8.546951e-01 9.311443e-02
3.050000e+01 2.421520e+00 -7.843934e-01 1.213265e-01
3.060000e+01 2.297802e+00 -7.378600e-01 1.490265e-01
3.070000e+01 2.168230e+00 -7.171082e-01 1.760729e-01
3.080000e+01 2.038863e+00 -7.227820e-01 2.023271e-01
3.090000e+01 1.915736e+00 -7.541225e-01 2.276541e-01
3.100000e+01 1.804543e+00 -8.090078e-01 2.519231e-01
3.110000e+01 1.710338e+00 -8.840654e-01 2.750082e-01
3.120000e+01 1.637262e+00 -9.748502e-01 2.967892e-01
3.130000e+01 1.588334e+00 -1.076080e+00 3.171521e-01
3.140000e+01 1.565283e+00 -1.181913e+00 3.359897e-01
3.150000e+01 1.568462e+00 -1.286259e+00 3.532020e-01
3.160000e+01 1.596828e+00 -1.383099e+00 3.686971e-01
3.170000e+01 1.647996e+00 -1.466805e+00 3.823914e-01
3.180000e+01 1.718368e+00 -1.532436e+00 3.942102e-01
3.190000e+01 1.803319e+00 -1.575998e+00 4.040878e-01
3.200000e+01 1.897444e+00 -1.594658e+00 4.119683e-01
3.210000e+01 1.994840e+00 -1.586892e+00 4.178056e-01
3.220000e+01 2.089424e+00 -1.552566e+00 4.215639e-01
3.230000e+01 2.175248e+00 -1.492940e+00 4.232174e-01
3.240000e+01 2.246813e+00 -1.410607e+00 4.227513e-01
3.250000e+01 2.299366e+00 -1.309353e+00 4.201610e-01
3.260000e+01 2.329142e+00 -1.193955e+00 4.154528e-01
3.270000e+01 2.333571e+00 -1.069934e+00 4.086437e-01
3.280000e+01 2.311408e+00 -9.432569e-01 3.997611e-01
3.290000e+01 2.262801e+00 -8.200282e-01 3.888432e-01
3.300000e+01 2.189284e+00 -7.061621e-01 3.759383e-01
3.310000e+01 2.093696e+00 -6.070733e-01 3.611049e-01
3.320000e+01 1.980029e+00 -5.273897e-01 3.444116e-01
3.330000e+01 1.853221e+00 -4.707086e-01 3.259361e-01
3.340000e+01 1.718893e+00 -4.394069e-01 3.057657e-01
3.350000e+01 1.583054e+00 -4.345153e-01 2.839962e-01
3.360000e+01 1.451782e+00 -4.556642e-01 2.607319e-01
3.370000e+01 1.330906e+00 -5.011031e-01 2.360849e-01
3.380000e+01 1.225695e+00 -5.677936e-01 2.101743e-01
3.390000e+01 1.140583e+00 -6.515696e-01 1.831263e-01
3.400000e+01 1.078936e+00 -7.473575e-01 1.550728e-01
3.410000e+01 1.042868e+00 -8.494444e-01 1.261514e-01
3.420000e+01 1.033138e+00 -9.517798e-01 9.650433e-02
3.430000e+01 1.049104e+00 -1.048295e+00 6.627793e-02
3.440000e+01 1.088760e+00 -1.133225e+00 3.562182e-02
3.450000e+01 1.148839e+00 -1.201411e+00 4.688241e-03
3.460000e+01 1.224989e+00 -1.248574e+00 -2.636876e-02
3.470000e+01 1.312002e+00 -1.271540e+00 -5.739404e-02
3.480000e+01 1.404086e+00 -1.268411e+00 -8.823221e-02
3.490000e+01 1.495176e+00 -1.238660e+00 -1.187283e-01
3.500000e+01 1.579248e+00 -1.183164e+00 -1.487288e-01
3.510000e+01 1.650643e+00 -1.104152e+00 -1.780819e-01
3.520000e+01 1.704363e+00 -1.005093e+00 -2.066389e-01
3.530000e+01 1.736335e+00 -8.905116e-01 -2.342545e-01
3.540000e+01 1.743627e+00 -7.657451e-01 -2.607879e-01
3.550000e+01 1.724601e+00 -6.366661e-01 -2.861031e-01
3.560000e+01 1.679004e+00 -5.093708e-01 -3.100698e-01
3.570000e+01 1.607975e+00 -3.898571e-01 -3.325643e-01
3.580000e+01 1.513991e+00 -2.837079e-01 -3.534698e-01
3.590000e+01 1.400734e+00 -1.957968e-01 -3.726769e-01
3.600000e+01 1.272897e+00 -1.300302e-01 -3.900848e-01
3.610000e+01 1.135934e+00 -8.914161e-02 -4.056011e-01
3.620000e+01 9.957785e-01 -7.454716e-02 -4.191428e-01
3.630000e+01 8.585229e-01 -8.627097e-02 -4.306363e-01
3.640000e+01 7.301025e-01 -1.229440e-01 -4.400183e-01
3.650000e+01 6.159799e-01 -1.818765e-01 -4.472357e-01
3.660000e+01 5.208575e-01 -2.592001e-01 -4.522462e-01
3.670000e+01 4.484292e-01 -3.500722e-01 -4.550181e-01
3.680000e+01 4.011853e-01 -4.489318e-01 -4.555313e-01
3.690000e+01 3.802816e-01 -5.497933e-01 -4.537765e-01
3.700000e+01 3.854782e-01 -6.465629e-01 -4.497559e-01
3.710000e+01 4.151524e-01 -7.333601e-01 -4.434830e-01
3.720000e+01 4.663843e-01 -8.048283e-01 -4.349825e-01
3.730000e+01 5.351114e-01 -8.564183e-01 -4.242903e-01
3.740000e+01 6.163430e-01 -8.846281e-01 -4.114535e-01
3.750000e+01 7.044237e-01 -8.871879e-01 -3.965297e-01
3.760000e+01 7.933321e-01 -8.631804e-01 -3.795875e-01
3.770000e+01 8.769993e-01 -8.130888e-01 -3.607055e-01
3.780000e+01 9.496285e-01 -7.387719e-01 -3.399721e-01
3.790000e+01 1.006002e+00 -6.433655e-01 -3.174854e-01
3.800000e+01 1.041757e+00 -5.311171e-01 -2.933524e-01
3.810000e+01 1.053615e+00 -4.071618e-01 -2.676885e-01
3.820000e+01 1.039556e+00 -2.772509e-01 -2.406172e-01
3.830000e+01 9.989241e-01 -1.474484e-01 -2.122694e-01
3.840000e+01 9.324649e-01 -2.381122e-02 -1.827825e-01
3.850000e+01 8.422832e-01 8.793130e-02 -1.523000e-01
3.860000e+01 7.317342e-01 1.826792e-01 -1.209709e-01
3.870000e+01 6.052454e-01 2.562314e-01 -8.894872e-02
3.880000e+01 4.680837e-01 3.055073e-01 -5.639075e-02
3.890000e+01 3.260771e-01 3.287096e-01 -2.345748e-02
3.900000e+01 1.853075e-01 3.254187e-01 9.688336e-03
3.910000e+01 5.178944e-02 2.966152e-01 4.288245e-02
3.920000e+01 -6.884698e-02 2.446276e-01 7.595996e-02
3.930000e+01 -1.716533e-01 1.730095e-01 1.087561e-01
3.940000e+01 -2.526240e-01 8.635175e-02 1.411070e-01
3.950000e+01 -3.089073e-01 -9.960123e-03 1.728507e-01
3.960000e+01 -3.389562e-01 -1.100303e-01 2.038278e-01
3.970000e+01 -3.426097e-01 -2.077640e-01 2.338822e-01
3.980000e+01 -3.211009e-01 -2.971899e-01 2.628621e-01
3.990000e+01 -2.769925e-01 -3.727747e-01 2.906206e-01
4.000000e+01 -2.140406e-01 -4.297163e-01 3.170165e-01
4.010000e+01 -1.369966e-01 -4.641968e-01 3.419150e-01
4.020000e+01 -5.135639e-02 -4.735843e-01 3.651884e-01
4.030000e+01 3.693032e-02 -4.565723e-01 3.867167e-01
4.040000e+01 1.217740e-01 -4.132482e-01 4.063883e-01
4.050000e+01 1.972672e-01 -3.450894e-01 4.241007e-01
4.060000e+01 2.579961e-01 -2.548847e-01 4.397605e-01
4.070000e+01 2.993273e-01 -1.465876e-01 4.532846e-01
4.080000e+01 3.176516e-01 -2.510746e-02 4.646003e-01
4.090000e+01 3.105757e-01 1.039498e-01 4.736453e-01
4.100000e+01 2.770481e-01 2.345774e-01 4.803689e-01
4.110000e+01 2.174149e-01 3.606850e-01 4.847314e-01
4.120000e+01 1.334017e-01 4.764199e-01 4.867050e-01
4.130000e+01 2.802306e-02 5.764763e-01 4.862736e-01
4.140000e+01 -9.457718e-02 6.563755e-01 4.834329e-01
4.150000e+01 -2.293440e-01 7.127016e-01 4.781908e-01
4.160000e+01 -3.705780e-01 7.432826e-01 4.705668e-01
4.170000e+01 -5.122363e-01 7.473044e-01 4.605925e-01
4.180000e+01 -6.482514e-01 7.253539e-01 4.483112e-01
4.190000e+01 -7.728512e-01 6.793880e-01 4.337777e-01
4.200000e+01 -8.808635e-01 6.126301e-01 4.170582e-01
4.210000e+01 -9.679896e-01 5.293996e-01 3.982297e-01
4.220000e+01 -1.031030e+00 4.348839e-01 3.773802e-01
4.230000e+01 -1.068055e+00 3.348646e-01 3.546077e-01
4.240000e+01 -1.078503e+00 2.354116e-01 3.300198e-01
4.250000e+01 -1.063214e+00 1.425631e-01 3.037339e-01
4.260000e+01 -1.024384e+00 6.200616e-02 2.758755e-01
4.270000e+01 -9.654469e-01 -1.223265e-03 2.465787e-01
4.280000e+01 -8.908943e-01 -4.300659e-02 2.159848e-01
4.290000e+01 -8.060394e-01 -6.036002e-02 1.842418e-01
4.300000e+01 -7.167346e-01 -5.159219e-02 1.515040e-01
4.310000e+01 -6.290635e-01 -1.639357e-02 1.179308e-01
4.320000e+01 -5.490189e-01 4.414712e-02 8.368630e-02
4.330000e+01 -4.821866e-01 1.276004e-01 4.893815e-02
4.340000e+01 -4.334501e-01 2.303240e-01 1.385700e-02
4.350000e+01 -4.067329e-01 3.476555e-01 -2.138444e-02
4.360000e+01 -4.047909e-01 4.741582e-01 -5.661230e-02
4.370000e+01 -4.290670e-01 6.039078e-01 -9.165230e-02
4.380000e+01 -4.796144e-01 7.308060e-01 -1.263307e-01
4.390000e+01 -5.550942e-01 8.489013e-01 -1.604752e-01
4.400000e+01 -6.528453e-01 9.527043e-01 -1.939156e-01
4.410000e+01 -7.690253e-01 1.037477e+00 -2.264848e-01
4.420000e+01 -8.988128e-01 1.099481e+00 -2.580197e-01
4.430000e+01 -1.036662e+00 1.136180e+00 -2.883619e-01
4.440000e+01 -1.176595e+00 1.146367e+00 -3.173586e-01
4.450000e+01 -1.312519e+00 1.130233e+00 -3.448630e-01
4.460000e+01 -1.438544e+00 1.089354e+00 -3.707357e-01
4.470000e+01 -1.549299e+00 1.026610e+00 -3.948448e-01
4.480000e+01 -1.640209e+00 9.460298e-01 -4.170669e-01
4.490000e+01 -1.707744e+00 8.525815e-01 -4.372877e-01
4.500000e+01 -1.749598e+00 7.519075e-01 -4.554023e-01
4.510000e+01 -1.764814e+00 6.500280e-01 -4.713164e-01
4.520000e+01 -1.753837e+00 5.530224e-01 -4.849458e-01
4.530000e+01 -1.718485e+00 4.667084e-01 -4.962179e-01
4.540000e+01 -1.661855e+00 3.963348e-01 -5.050712e-01
4.550000e+01 -1.588162e+00 3.463041e-01 -5.114563e-01
4.560000e+01 -1.502513e+00 3.199401e-01 -5.153357e-01
4.570000e+01 -1.410639e+00 3.193123e-01 -5.166842e-01
4.580000e+01 -1.318590e+00 3.451268e-01 -5.154892e-01
4.590000e+01 -1.232419e+00 3.966885e-01 -5.117504e-01
4.600000e+01 -1.157860e+00 4.719379e-01 -5.054804e-01
4.610000e+01 -1.100025e+00 5.675601e-01 -4.967039e-01
4.620000e+01 -1.063134e+00 6.791594e-01 -4.854584e-01
4.630000e+01 -1.050295e+00 8.014913e-01 -4.717935e-01
4.640000e+01 -1.063334e+00 9.287398e-01 -4.557709e-01
4.650000e+01 -1.102704e+00 1.054824e+00 -4.374640e-01
4.660000e+01 -1.167458e+00 1.173719e+00 -4.169579e-01
4.670000e+01 -1.255301e+00 1.279774e+00 -3.943483e-01
4.680000e+01 -1.362707e+00 1.368011e+00 -3.697420e-01
4.690000e+01 -1.485109e+00 1.434388e+00 -3.432556e-01
4.700000e+01 -1.617140e+00 1.476012e+00 -3.150151e-01
4.710000e+01 -1.752914e+00 1.491288e+00 -2.851559e-01
4.720000e+01 -1.886336e+00 1.480011e+00 -2.538213e-01
4.730000e+01 -2.011427e+00 1.443369e+00 -2.211623e-01
4.740000e+01 -2.122638e+00 1.383886e+00 -1.873368e-01
4.750000e+01 -2.215142e+00 1.305284e+00 -1.525088e-01
4.760000e+01 -2.285090e+00 1.212289e+00 -1.168476e-01
4.770000e+01 -2.329812e+00 1.110381e+00 -8.052691e-02
4.780000e+01 -2.347962e+00 1.005506e+00 -4.372425e-02
4.790000e+01 -2.339584e+00 9.037589e-01 -6.619744e-03
4.800000e+01 -2.306114e+00 8.110629e-01 3.060453e-02
4.810000e+01 -2.250301e+00 7.328581e-01 6.776553e-02
4.820000e+01 -2.176062e+00 6.738127e-01 1.046801e-01
4.830000e+01 -2.088277e+00 6.375768e-01 1.411660e-01
4.840000e+01 -1.992530e+00 6.265899e-01 1.770424e-01
4.850000e+01 -1.894815e+00 6.419516e-01 2.121316e-01
4.860000e+01 -1.801217e+00 6.833638e-01 2.462589e-01
4.870000e+01 -1.717593e+00 7.491465e-01 2.792542e-01
4.880000e+01 -1.649261e+00 8.363261e-01 3.109526e-01
4.890000e+01 -1.600723e+00 9.407925e-01 3.411952e-01
4.900000e+01 -1.575421e+00 1.057516e+00 3.698299e-01
4.910000e+01 -1.575559e+00 1.180814e+00 3.967123e-01
4.920000e+01 -1.601988e+00 1.304647e+00 4.217062e-01
4.930000e+01 -1.654156e+00 1.422944e+00 4.446845e-01
4.940000e+01 -1.730142e+00 1.529918e+00 4.655297e-01
4.950000e+01 -1.826755e+00 1.620371e+00 4.841345e-01
4.960000e+01 -1.939702e+00 1.689972e+00 5.004026e-01
4.970000e+01 -2.063816e+00 1.735485e+00 5.142488e-01
4.980000e+01 -2.193326e+00 1.754935e+00 5.255997e-01
4.990000e+01 -2.322167e+00 1.747721e+00 5.343941e-01
5.000000e+01 -2.444294e+00 1.714637e+00 5.405833e-01
5.010000e+01 -2.554005e+00 1.657841e+00 5.441310e-01
5.020000e+01 -2.646240e+00 1.580731e+00 5.450142e-01
5.030000e+01 -2.716849e+00 1.487773e+00 5.432228e-01
5.040000e+01 -2.762812e+00 1.384261e+00 5.387599e-01
5.050000e+01 -2.782396e+00 1.276041e+00 5.316415e-01
5.060000e+01 -2.775248e+00 1.169196e+00 5.218971e-01
5.070000e+01 -2.742414e+00 1.069733e+00 5.095689e-01
5.080000e+01 -2.686283e+00 9.832587e-01 4.947120e-01
5.090000e+01 -2.610459e+00 9.146875e-01 4.773939e-01
5.100000e+01 -2.519574e+00 8.679807e-01 4.576947e-01
5.110000e+01 -2.419042e+00 8.459375e-01 4.357060e-01
5.120000e+01 -2.314772e+00 8.500468e-01 4.115310e-01
5.130000e+01 -2.212857e+00 8.804092e-01 3.852839e-01
5.140000e+01 -2.119253e+00 9.357310e-01 3.570892e-01
5.150000e+01 -2.039463e+00 1.013393e+00 3.270814e-01
5.160000e+01 -1.978245e+00 1.109589e+00 2.954040e-01
5.170000e+01 -1.939366e+00 1.219524e+00 2.622091e-01
5.180000e+01 -1.925398e+00 1.337673e+00 2.276565e-01
5.190000e+01 -1.937583e+00 1.458068e+00 1.919132e-01
5.200000e+01 -1.975769e+00 1.574613e+00 1.551521e-01
5.210000e+01 -2.038418e+00 1.681408e+00 1.175516e-01
5.220000e+01 -2.122686e+00 1.773062e+00 7.929463e-02
5.230000e+01 -2.224572e+00 1.844971e+00 4.056757e-02
5.240000e+01 -2.339131e+00 1.893570e+00 1.559581e-03
5.250000e+01 -2.460737e+00 1.916513e+00 -3.753845e-02
5.260000e+01 -2.583375e+00 1.912802e+00 -7.653481e-02
5.270000e+01 -2.700961e+00 1.882839e+00 -1.152379e-01
5.280000e+01 -2.807667e+00 1.828402e+00 -1.534572e-01
5.290000e+01 -2.898220e+00 1.752555e+00 -1.910042e-01
5.300000e+01 -2.968190e+00 1.659481e+00 -2.276933e-01
5.310000e+01 -3.014216e+00 1.554269e+00 -2.633427e-01
5.320000e+01 -3.034189e+00 1.442635e+00 -2.977755e-01
5.330000e+01 -3.027359e+00 1.330631e+00 -3.308202e-01
5.340000e+01 -2.994378e+00 1.224317e+00 -3.623120e-01
5.350000e+01 -2.937264e+00 1.129445e+00 -3.920933e-01
5.360000e+01 -2.859294e+00 1.051154e+00 -4.200146e-01
5.370000e+01 -2.764833e+00 9.937005e-01 -4.459352e-01
5.380000e+01 -2.659100e+00 9.602311e-01 -4.697241e-01
5.390000e+01 -2.547896e+00 9.526183e-01 -4.912604e-01
5.400000e+01 -2.437295e+00 9.713606e-01 -5.104339e-01
5.410000e+01 -2.333325e+00 1.015557e+00 -5.271460e-01
5.420000e+01 -2.241649e+00 1.082952e+00 -5.413100e-01
5.430000e+01 -2.167268e+00 1.170061e+00 -5.528512e-01
5.440000e+01 -2.114251e+00 1.272347e+00 -5.617081e-01
5.450000e+01 -2.085527e+00 1.384462e+00 -5.678319e-01
5.460000e+01 -2.082728e+00 1.500534e+00 -5.711873e-01
5.470000e+01 -2.106101e+00 1.614472e+00 -5.717524e-01
5.480000e+01 -2.154496e+00 1.720288e+00 -5.695191e-01
5.490000e+01 -2.225429e+00 1.812416e+00 -5.644927e-01
5.500000e+01 -2.315208e+00 1.886004e+00 -5.566926e-01
5.510000e+01 -2.419134e+00 1.937171e+00 -5.461516e-01
5.520000e+01 -2.531744e+00 1.963209e+00 -5.329161e-01
5.530000e+01 -2.647104e+00 1.962730e+00 -5.170457e-01
5.540000e+01 -2.759118e+00 1.935739e+00 -4.986131e-01
5.550000e+01 -2.861852e+00 1.883629e+00 -4.777038e-01
5.560000e+01 -2.949848e+00 1.809114e+00 -4.544153e-01
5.570000e+01 -3.018410e+00 1.716080e+00 -4.288574e-01
5.580000e+01 -3.063854e+00 1.609384e+00 -4.011507e-01
5.590000e+01 -3.083702e+00 1.494595e+00 -3.714269e-01
5.600000e+01 -3.076812e+00 1.377702e+00 -3.398279e-01
5.610000e+01 -3.043439e+00 1.264794e+00 -3.065047e-01
5.620000e+01 -2.985223e+00 1.161745e+00 -2.716174e-01
5.630000e+01 -2.905098e+00 1.073897e+00 -2.353338e-01
5.640000e+01 -2.807141e+00 1.005782e+00 -1.978290e-01
5.650000e+01 -2.696358e+00 9.608822e-01 -1.592842e-01
5.660000e+01 -2.578414e+00 9.414441e-01 -1.198864e-01
5.670000e+01 -2.459341e+00 9.483630e-01 -7.982668e-02
5.680000e+01 -2.345212e+00 9.811336e-01 -3.930001e-02
5.690000e+01 -2.241827e+00 1.037877e+00 1.496101e-03
5.700000e+01 -2.154403e+00 1.115442e+00 4.236247e-02
5.710000e+01 -2.087300e+00 1.209566e+00 8.309921e-02
5.720000e+01 -2.043791e+00 1.315108e+00 1.235067e-01
5.730000e+01 -2.025888e+00 1.426314e+00 1.633866e-01
5.740000e+01 -2.034235e+00 1.537121e+00 2.025427e-01
5.750000e+01 -2.068078e+00 1.641482e+00 2.407821e-01
5.760000e+01 -2.125302e+00 1.733680e+00 2.779161e-01
5.770000e+01 -2.202541e+00 1.808633e+00 3.137609e-01
5.780000e+01 -2.295361e+00 1.862161e+00 3.481388e-01
5.790000e+01 -2.398487e+00 1.891207e+00 3.808789e-01
5.800000e+01 -2.506089e+00 1.893998e+00 4.118181e-01
5.810000e+01 -2.612086e+00 1.870142e+00 4.408018e-01
5.820000e+01 -2.710464e+00 1.820641e+00 4.676847e-01
5.830000e+01 -2.795602e+00 1.747848e+00 4.923315e-01
5.840000e+01 -2.862560e+00 1.655334e+00 5.146177e-01
5.850000e+01 -2.907347e+00 1.547706e+00 5.344300e-01
5.860000e+01 -2.927125e+00 1.430359e+00 5.516670e-01
5.870000e+01 -2.920365e+00 1.309195e+00 5.662400e-01
5.880000e+01 -2.886925e+00 1.190308e+00 5.780729e-01
5.890000e+01 -2.828057e+00 1.079665e+00 5.871030e-01
5.900000e+01 -2.746343e+00 9.827901e-01 5.932811e-01
5.910000e+01 -2.645555e+00 9.044717e-01 5.965720e-01
5.920000e+01 -2.530462e+00 8.485114e-01 5.969546e-01
5.930000e+01 -2.406571e+00 8.175225e-01 5.944218e-01
5.940000e+01 -2.279842e+00 8.127919e-01 5.889809e-01
5.950000e+01 -2.156371e+00 8.342128e-01 5.806535e-01
5.960000e+01 -2.042068e+00 8.802898e-01 5.694751e-01
5.970000e+01 -1.942347e+00 9.482182e-01 5.554954e-01
5.980000e+01 -1.861837e+00 1.034032e+00 5.387779e-01
5.990000e+01 -1.804140e+00 1.132814e+00 5.193996e-01
6.000000e+01 -1.771641e+00 1.238953e+00 4.974505e-01
6.010000e+01 -1.765381e+00 1.346445e+00 4.730335e-01
6.020000e+01 -1.785001e+00 1.449204e+00 4.462636e-01
6.030000e+01 -1.828766e+00 1.541389e+00 4.172676e-01
6.040000e+01 -1.893650e+00 1.617710e+00 3.861833e-01
6.050000e+01 -1.975500e+00 1.673705e+00 3.531591e-01
6.060000e+01 -2.069257e+00 1.705981e+00 3.183530e-01
6.070000e+01 -2.169217e+00 1.712388e+00 2.819319e-01
6.080000e+01 -2.269337e+00 1.692137e+00 2.440712e-01
6.090000e+01 -2.363555e+00 1.645837e+00 2.049533e-01
6.100000e+01 -2.446106e+00 1.575468e+00 1.647670e-01
6.110000e+01 -2.511829e+00 1.484272e+00 1.237071e-01
6.120000e+01 -2.556441e+00 1.376585e+00 8.197245e-02
6.130000e+01 -2.576759e+00 1.257606e+00 3.976584e-02
6.140000e+01 -2.570873e+00 1.133124e+00 -2.707394e-03
6.150000e+01 -2.538243e+00 1.009212e+00 -4.524027e-02
6.160000e+01 -2.479730e+00 8.919060e-01 -8.762517e-02
6.170000e+01 -2.397549e+00 7.868867e-01 -1.296549e-01
6.180000e+01 -2.295154e+00 6.991796e-01 -1.711235e-01
6.190000e+01 -2.177054e+00 6.328896e-01 -2.118278e-01
6.200000e+01 -2.048577e+00 5.909845e-01 -2.515675e-01
6.210000e+01 -1.915585e+00 5.751381e-01 -2.901472e-01
6.220000e+01 -1.784170e+00 5.856422e-01 -3.273765e-01
6.230000e+01 -1.660327e+00 6.213909e-01 -3.630715e-01
6.240000e+01 -1.549643e+00 6.799394e-01 -3.970553e-01
6.250000e+01 -1.456997e+00 7.576330e-01 -4.291594e-01
6.260000e+01 -1.386304e+00 8.497999e-01 -4.592238e-01
6.270000e+01 -1.340313e+00 9.509985e-01 -4.870986e-01
6.280000e+01 -1.320453e+00 1.055304e+00 -5.126440e-01
6.290000e+01 -1.326768e+00 1.156622e+00 -5.357317e-01
6.300000e+01 -1.357905e+00 1.249011e+00 -5.562450e-01
6.310000e+01 -1.411193e+00 1.326992e+00 -5.740795e-01
6.320000e+01 -1.482780e+00 1.385846e+00 -5.891440e-01
6.330000e+01 -1.567839e+00 1.421853e+00 -6.013604e-01
6.340000e+01 -1.660819e+00 1.432499e+00 -6.106646e-01
6.350000e+01 -1.755744e+00 1.416599e+00 -6.170064e-01
6.360000e+01 -1.846524e+00 1.374368e+00 -6.203503e-01
6.370000e+01 -1.927278e+00 1.307402e+00 -6.206751e-01
6.380000e+01 -1.992646e+00 1.218603e+00 -6.179744e-01
6.390000e+01 -2.038070e+00 1.112015e+00 -6.122566e-01
6.400000e+01 -2.060036e+00 9.926198e-01 -6.035448e-01
6.410000e+01 -2.056260e+00 8.660694e-01 -5.918768e-01
6.420000e+01 -2.025807e+00 7.383885e-01 -5.773047e-01
6.430000e+01 -1.969143e+00 6.156566e-01 -5.598952e-01
6.440000e+01 -1.888108e+00 5.036873e-01 -5.397286e-01
6.450000e+01 -1.785821e+00 4.077208e-01 -5.168991e-01
6.460000e+01 -1.666513e+00 3.321483e-01 -4.915137e-01
6.470000e+01 -1.535309e+00 2.802790e-01 -4.636924e-01
6.480000e+01 -1.397948e+00 2.541665e-01 -4.335669e-01
6.490000e+01 -1.260492e+00 2.544999e-01 -4.012807e-01
6.500000e+01 -1.128997e+00 2.805676e-01 -3.669879e-01
6.510000e+01 -1.009195e+00 3.302948e-01 -3.308524e-01
6.520000e+01 -9.061966e-01 4.003536e-01 -2.930478e-01
6.530000e+01 -8.242143e-01 4.863383e-01 -2.537557e-01
6.540000e+01 -7.663453e-01 5.829982e-01 -2.131655e-01
6.550000e+01 -7.344058e-01 6.845151e-01 -1.714731e-01
6.560000e+01 -7.288355e-01 7.848105e-01 -1.288801e-01
6.570000e+01 -7.486752e-01 8.778664e-01 -8.559263e-02
6.580000e+01 -7.916169e-01 9.580435e-01 -4.182081e-02
6.590000e+01 -8.541260e-01 1.020379e+00 2.222762e-03
6.600000e+01 -9.316282e-01 1.060848e+00 4.632379e-02
6.610000e+01 -1.018751e+00 1.076576e+00 9.026739e-02
6.620000e+01 -1.109608e+00 1.065994e+00 1.338391e-01
6.630000e+01 -1.198109e+00 1.028917e+00 1.768261e-01
6.640000e+01 -1.278281e+00 9.665550e-01 2.190178e-01
6.650000e+01 -1.344587e+00 8.814510e-01 2.602075e-01
6.660000e+01 -1.392216e+00 7.773455e-01 3.001930e-01
6.670000e+01 -1.417335e+00 6.589791e-01 3.387775e-01
6.680000e+01 -1.417297e+00 5.318425e-01 3.757709e-01
6.690000e+01 -1.390776e+00 4.018866e-01 4.109907e-01
6.700000e+01 -1.337839e+00 2.752085e-01 4.442624e-01
6.710000e+01 -1.259946e+00 1.577294e-01 4.754212e-01
6.720000e+01 -1.159864e+00 5.488234e-02 5.043121e-01
6.730000e+01 -1.041532e+00 -2.867469e-02 5.307910e-01
6.740000e+01 -9.098448e-01 -8.930470e-02 5.547252e-01
6.750000e+01 -7.703993e-01 -1.245835e-01 5.759945e-01
6.760000e+01 -6.291970e-01 -1.334277e-01 5.944913e-01
6.770000e+01 -4.923284e-01 -1.161519e-01 6.101215e-01
6.780000e+01 -3.656509e-01 -7.445160e-02 6.228047e-01
6.790000e+01 -2.544801e-01 -1.131419e-02 6.324749e-01
6.800000e+01 -1.633089e-01 6.913932e-02 6.390805e-01
6.810000e+01 -9.557070e-02 1.618718e-01 6.425850e-01
6.820000e+01 -5.345832e-02 2.611961e-01 6.429667e-01
6.830000e+01 -3.780816e-02 3.610754e-01 6.402194e-01
6.840000e+01 -4.805630e-02 4.554419e-01 6.343519e-01
6.850000e+01 -8.226842e-02 5.385176e-01 6.253882e-01
6.860000e+01 -1.372421e-01 6.051191e-01 6.133677e-01
6.870000e+01 -2.086759e-01 6.509316e-01 5.983444e-01
6.880000e+01 -2.913970e-01 6.727369e-01 5.803872e-01
6.890000e+01 -3.796341e-01 6.685831e-01 5.595795e-01
6.900000e+01 -4.673223e-01 6.378878e-01 5.360184e-01
6.910000e+01 -5.484239e-01 5.814693e-01 5.098147e-01
6.920000e+01 -6.172468e-01 5.015029e-01 4.810924e-01
6.930000e+01 -6.687454e-01 4.014069e-01 4.499878e-01
6.940000e+01 -6.987876e-01 2.856613e-01 4.166488e-01
6.950000e+01 -7.043722e-01 1.595720e-01 3.812347e-01
6.960000e+01 -6.837883e-01 2.899073e-02 3.439151e-01
6.970000e+01 -6.367056e-01 -9.999433e-02 3.048688e-01
6.980000e+01 -5.641919e-01 -2.213794e-01 2.642836e-01
6.990000e+01 -4.686567e-01 -3.295623e-01 2.223549e-01
7.000000e+01 -3.537244e-01 -4.196380e-01 1.792849e-01
7.010000e+01 -2.240433e-01 -4.876575e-01 1.352818e-01
7.020000e+01 -8.503976e-02 -5.308365e-01 9.055834e-02
7.030000e+01 5.736782e-02 -5.477021e-01 4.533130e-02
7.040000e+01 1.970813e-01 -5.381702e-01 -1.798887e-04
7.050000e+01 3.281448e-01 -5.035507e-01 -4.575412e-02
7.060000e+01 4.450587e-01 -4.464773e-01 -9.116966e-02
7.070000e+01 5.430703e-01 -3.707689e-01 -1.362053e-01
7.080000e+01 6.184244e-01 -2.812278e-01 -1.806412e-01
7.090000e+01 6.685611e-01 -1.833859e-01 -2.242605e-01
7.100000e+01 6.922514e-01 -8.321275e-02 -2.668497e-01
7.110000e+01 6.896614e-01 1.319996e-02 -3.082002e-01
7.120000e+01 6.623440e-01 9.995996e-02 -3.481090e-01
7.130000e+01 6.131558e-01 1.716857e-01 -3.863800e-01
7.140000e+01 5.461072e-01 2.237904e-01 -4.228248e-01
7.150000e+01 4.661497e-01 2.527246e-01 -4.572637e-01
7.160000e+01 3.789147e-01 2.561634e-01 -4.895262e-01
7.170000e+01 2.904158e-01 2.331295e-01 -5.194526e-01
7.180000e+01 2.067314e-01 1.840447e-01 -5.468942e-01
7.190000e+01 1.336834e-01 1.107079e-01 -5.717140e-01
7.200000e+01 7.652956e-02 1.620002e-02 -5.937878e-01
7.210000e+01 3.968605e-02 -9.527842e-02 -6.130047e-01
7.220000e+01 2.649391e-02 -2.186291e-01 -6.292673e-01
7.230000e+01 3.904252e-02 -3.481249e-01 -6.424925e-01
7.240000e+01 7.805920e-02 -4.777125e-01 -6.526122e-01
7.250000e+01 1.428706e-01 -6.013312e-01 -6.595728e-01
7.260000e+01 2.314380e-01 -7.132339e-01 -6.633365e-01
7.270000e+01 3.404651e-01 -8.082894e-01 -6.638806e-01
7.280000e+01 4.655717e-01 -8.822540e-01 -6.611984e-01
7.290000e+01 6.015246e-01 -9.319950e-01 -6.552987e-01
7.300000e+01 7.425143e-01 -9.556563e-01 -6.462059e-01
7.310000e+01 8.824612e-01 -9.527563e-01 -6.339601e-01
7.320000e+01 1.015337e+00 -9.242129e-01 -6.186168e-01
7.330000e+01 1.135480e+00 -8.722955e-01 -6.002465e-01
7.340000e+01 1.237901e+00 -8.005046e-01 -5.789347e-01
7.350000e+01 1.318537e+00 -7.133874e-01 -5.547812e-01
7.360000e+01 1.374474e+00 -6.162970e-01 -5.278998e-01
7.370000e+01 1.404094e+00 -5.151101e-01 -4.984177e-01
7.380000e+01 1.407166e+00 -4.159168e-01 -4.664749e-01
7.390000e+01 1.384855e+00 -3.246982e-01 -4.322236e-01
7.400000e+01 1.339659e+00 -2.470115e-01 -3.958274e-01
7.410000e+01 1.275282e+00 -1.876958e-01 -3.574604e-01
7.420000e+01 1.196431e+00 -1.506168e-01 -3.173067e-01
7.430000e+01 1.108576e+00 -1.384625e-01 -2.755593e-01
7.440000e+01 1.017652e+00 -1.526013e-01 -2.324191e-01
7.450000e+01 9.297535e-01 -1.930096e-01 -1.880941e-01
7.460000e+01 8.508069e-01 -2.582730e-01 -1.427982e-01
7.470000e+01 7.862603e-01 -3.456609e-01 -9.675036e-02
7.480000e+01 7.407950e-01 -4.512705e-01 -5.017357e-02
7.490000e+01 7.180780e-01 -5.702330e-01 -3.293540e-03
7.500000e+01 7.205685e-01 -6.969704e-01 4.366224e-02
7.510000e+01 7.493878e-01 -8.254899e-01 9.046562e-02
7.520000e+01 8.042599e-01 -9.497006e-01 1.368889e-01
7.530000e+01 8.835263e-01 -1.063734e+00 1.827060e-01
7.540000e+01 9.842328e-01 -1.162257e+00 2.276935e-01
7.550000e+01 1.102286e+00 -1.240746e+00 2.716317e-01
7.560000e+01 1.232669e+00 -1.295737e+00 3.143058e-01
7.570000e+01 1.369706e+00 -1.324996e+00 3.555067e-01
7.580000e+01 1.507361e+00 -1.327648e+00 3.950325e-01
7.590000e+01 1.639560e+00 -1.304213e+00 4.326891e-01
7.600000e+01 1.760507e+00 -1.256589e+00 4.682910e-01
7.610000e+01 1.864991e+00 -1.187942e+00 5.016629e-01
7.620000e+01 1.948665e+00 -1.102544e+00 5.326398e-01
7.630000e+01 2.008269e+00 -1.005548e+00 5.610683e-01
7.640000e+01 2.041806e+00 -9.027124e-01 5.868072e-01
7.650000e+01 2.048649e+00 -8.000993e-01 6.097280e-01
7.660000e+01 2.029568e+00 -7.037540e-01 6.297162e-01
7.670000e+01 1.986694e+00 -6.193851e-01 6.466709e-01
7.680000e+01 1.923408e+00 -5.520639e-01 6.605061e-01
7.690000e+01 1.844155e+00 -5.059556e-01 6.711510e-01
7.700000e+01 1.754215e+00 -4.841002e-01 6.785499e-01
7.710000e+01 1.659426e+00 -4.882513e-01 6.826630e-01
7.720000e+01 1.565868e+00 -5.187839e-01 6.834664e-01
7.730000e+01 1.479548e+00 -5.746740e-01 6.809522e-01
7.740000e+01 1.406083e+00 -6.535533e-01 6.751287e-01
7.750000e+01 1.350397e+00 -7.518335e-01 6.660203e-01
7.760000e+01 1.316469e+00 -8.648961e-01 6.536674e-01
7.770000e+01 1.307118e+00 -9.873361e-01 6.381260e-01
7.780000e+01 1.323854e+00 -1.113247e+00 6.194679e-01
7.790000e+01 1.366800e+00 -1.236534e+00 5.977800e-01
7.800000e+01 1.434684e+00 -1.351233e+00 5.731642e-01
7.810000e+01 1.524908e+00 -1.451829e+00 5.457366e-01
7.820000e+01 1.633683e+00 -1.533543e+00 5.156271e-01
7.830000e+01 1.756229e+00 -1.592589e+00 4.829787e-01
7.840000e+01 1.887029e+00 -1.626369e+00 4.479472e-01
7.850000e+01 2.020119e+00 -1.633615e+00 4.106998e-01
7.860000e+01 2.149401e+00 -1.614451e+00 3.714149e-01
7.870000e+01 2.268970e+00 -1.570392e+00 3.302809e-01
7.880000e+01 2.373421e+00 -1.504257e+00 2.874953e-01
7.890000e+01 2.458135e+00 -1.420027e+00 2.432642e-01
7.900000e+01 2.519524e+00 -1.322629e+00 1.978006e-01
7.910000e+01 2.555221e+00 -1.217682e+00 1.513238e-01
7.920000e+01 2.564202e+00 -1.111193e+00 1.040584e-01
7.930000e+01 2.546843e+00 -1.009245e+00 5.623298e-02
7.940000e+01 2.504899e+00 -9.176757e-01 8.079110e-03
7.950000e+01 2.441411e+00 -8.417652e-01 -4.016977e-02
7.960000e+01 2.360543e+00 -7.859614e-01 -8.827949e-02
7.970000e+01 2.267369e+00 -7.536431e-01 -1.360163e-01
7.980000e+01 2.167595e+00 -7.469419e-01 -1.831481e-01
7.990000e+01 2.067269e+00 -7.666296e-01 -2.294452e-01
8.000000e+01 1.972450e+00 -8.120776e-01 -2.746821e-01
8.010000e+01 1.888899e+00 -8.812895e-01 -3.186378e-01
8.020000e+01 1.821765e+00 -9.710072e-01 -3.610976e-01
8.030000e+01 1.775319e+00 -1.076882e+00 -4.018537e-01
8.040000e+01 1.752729e+00 -1.193706e+00 -4.407062e-01
8.050000e+01 1.755888e+00 -1.315684e+00 -4.774645e-01
8.060000e+01 1.785317e+00 -1.436742e+00 -5.119478e-01
8.070000e+01 1.840137e+00 -1.550848e+00 -5.439862e-01
8.080000e+01 1.918117e+00 -1.652327e+00 -5.734214e-01
8.090000e+01 2.015788e+00 -1.736165e+00 -6.001077e-01
8.100000e+01 2.128628e+00 -1.798272e+00 -6.239126e-01
8.110000e+01 2.251302e+00 -1.835696e+00 -6.447172e-01
8.120000e+01 2.377943e+00 -1.846782e+00 -6.624174e-01
8.130000e+01 2.502459e+00 -1.831257e+00 -6.769238e-01
8.140000e+01 2.618857e+00 -1.790247e+00 -6.881625e-01
8.150000e+01 2.721562e+00 -1.726212e+00 -6.960753e-01
8.160000e+01 2.805705e+00 -1.642824e+00 -7.006203e-01
8.170000e+01 2.867384e+00 -1.544766e+00 -7.017718e-01
8.180000e+01 2.903871e+00 -1.437490e+00 -6.995203e-01
8.190000e+01 2.913754e+00 -1.326924e+00 -6.938733e-01
8.200000e+01 2.897010e+00 -1.219164e+00 -6.848543e-01
8.210000e+01 2.855009e+00 -1.120150e+00 -6.725036e-01
8.220000e+01 2.790441e+00 -1.035349e+00 -6.568775e-01
8.230000e+01 2.707174e+00 -9.694726e-01 -6.380482e-01
8.240000e+01 2.610049e+00 -9.262247e-01 -6.161038e-01
8.250000e+01 2.504622e+00 -9.081053e-01 -5.911472e-01
8.260000e+01 2.396877e+00 -9.162801e-01 -5.632966e-01
8.270000e+01 2.292905e+00 -9.505181e-01 -5.326837e-01
8.280000e+01 2.198582e+00 -1.009204e+00 -4.994544e-01
8.290000e+01 2.119261e+00 -1.089424e+00 -4.637670e-01
8.300000e+01 2.059491e+00 -1.187117e+00 -4.257920e-01
8.310000e+01 2.022770e+00 -1.297295e+00 -3.857113e-01
8.320000e+01 2.011369e+00 -1.414298e+00 -3.437171e-01
8.330000e+01 2.026204e+00 -1.532101e+00 -3.000111e-01
8.340000e+01 2.066794e+00 -1.644627e+00 -2.548036e-01
8.350000e+01 2.131283e+00 -1.746068e+00 -2.083123e-01
8.360000e+01 2.216537e+00 -1.831196e+00 -1.607614e-01
8.370000e+01 2.318314e+00 -1.895632e+00 -1.123805e-01
8.380000e+01 2.431482e+00 -1.936086e+00 -6.340334e-02
8.390000e+01 2.550294e+00 -1.950521e+00 -1.406700e-02
8.400000e+01 2.668693e+00 -1.938269e+00 3.538962e-02
8.410000e+01 2.780624e+00 -1.900061e+00 8.472673e-02
8.420000e+01 2.880364e+00 -1.837991e+00 1.337049e-01
8.430000e+01 2.962815e+00 -1.755402e+00 1.820862e-01
8.440000e+01 3.023780e+00 -1.656716e+00 2.296353e-01
8.450000e+01 3.060180e+00 -1.547193e+00 2.761207e-01
8.460000e+01 3.070219e+00 -1.432658e+00 3.213159e-01
8.470000e+01 3.053478e+00 -1.319193e+00 3.650003e-01
8.480000e+01 3.010937e+00 -1.212815e+00 4.069606e-01
8.490000e+01 2.944924e+00 -1.119156e+00 4.469914e-01
8.500000e+01 2.858990e+00 -1.043171e+00 4.848967e-01
8.510000e+01 2.757725e+00 -9.888712e-01 5.204904e-01
8.520000e+01 2.646513e+00 -9.591161e-01 5.535976e-01
8.530000e+01 2.531248e+00 -9.554598e-01 5.840552e-01
8.540000e+01 2.418023e+00 -9.780701e-01 6.117128e-01
8.550000e+01 2.312809e+00 -1.025720e+00 6.364335e-01
8.560000e+01 2.221139e+00 -1.095850e+00 6.580944e-01
8.570000e+01 2.147817e+00 -1.184709e+00 6.765875e-01
8.580000e+01 2.096662e+00 -1.287546e+00 6.918198e-01
8.590000e+01 2.070309e+00 -1.398862e+00 7.037143e-01
8.600000e+01 2.070067e+00 -1.512706e+00 7.122099e-01
8.610000e+01 2.095854e+00 -1.622983e+00 7.172621e-01
8.620000e+01 2.146197e+00 -1.723777e+00 7.188430e-01
8.630000e+01 2.218312e+00 -1.809665e+00 7.169414e-01
8.640000e+01 2.308252e+00 -1.876004e+00 7.115630e-01
8.650000e+01 2.411114e+00 -1.919173e+00 7.027307e-01
8.660000e+01 2.521295e+00 -1.936767e+00 6.904837e-01
8.670000e+01 2.632794e+00 -1.927724e+00 6.748781e-01
8.680000e+01 2.739526e+00 -1.892377e+00 6.559863e-01
8.690000e+01 2.835641e+00 -1.832442e+00 6.338966e-01
8.700000e+01 2.915836e+00 -1.750925e+00 6.087130e-01
8.710000e+01 2.975635e+00 -1.651963e+00 5.805546e-01
8.720000e+01 3.011621e+00 -1.540604e+00 5.495549e-01
8.730000e+01 3.021624e+00 -1.422545e+00 5.158616e-01
8.740000e+01 3.004828e+00 -1.303827e+00 4.796353e-01
8.750000e+01 2.961821e+00 -1.190519e+00 4.410492e-01
8.760000e+01 2.894556e+00 -1.088394e+00 4.002881e-01
8.770000e+01 2.806256e+00 -1.002627e+00 3.575475e-01
8.780000e+01 2.701239e+00 -9.375240e-01 3.130326e-01
8.790000e+01 2.584692e+00 -8.962880e-01 2.669575e-01
8.800000e+01 2.462395e+00 -8.808561e-01 2.195441e-01
8.810000e+01 2.340419e+00 -8.917941e-01 1.710209e-01
8.820000e+01 2.224802e+00 -9.282677e-01 1.216221e-01
8.830000e+01 2.121234e+00 -9.880864e-01 7.158630e-02
8.840000e+01 2.034754e+00 -1.067819e+00 2.115536e-02
8.850000e+01 1.969484e+00 -1.162975e+00 -2.942664e-02
8.860000e+01 1.928414e+00 -1.268242e+00 -7.991466e-02
8.870000e+01 1.913240e+00 -1.377765e+00 -1.300639e-01
8.880000e+01 1.924277e+00 -1.485457e+00 -1.796310e-01
8.890000e+01 1.960445e+00 -1.585321e+00 -2.283752e-01
8.900000e+01 2.019320e+00 -1.671764e+00 -2.760595e-01
8.910000e+01 2.097267e+00 -1.739893e+00 -3.224517e-01
8.920000e+01 2.189630e+00 -1.785778e+00 -3.673259e-01
8.930000e+01 2.290977e+00 -1.806652e+00 -4.104631e-01
8.940000e+01 2.395392e+00 -1.801062e+00 -4.516527e-01
8.950000e+01 2.496778e+00 -1.768947e+00 -4.906932e-01
8.960000e+01 2.589189e+00 -1.711636e+00 -5.273935e-01
8.970000e+01 2.667137e+00 -1.631782e+00 -5.615735e-01
8.980000e+01 2.725885e+00 -1.533221e+00 -5.930653e-01
8.990000e+01 2.761696e+00 -1.420769e+00 -6.217138e-01
9.000000e+01 2.772034e+00 -1.299968e+00 -6.473776e-01
9.010000e+01 2.755689e+00 -1.176795e+00 -6.699295e-01
9.020000e+01 2.712852e+00 -1.057342e+00 -6.892574e-01
9.030000e+01 2.645098e+00 -9.474996e-01 -7.052648e-01
9.040000e+01 2.555305e+00 -8.526437e-01 -7.178709e-01
9.050000e+01 2.447500e+00 -7.773509e-01 -7.270118e-01
9.060000e+01 2.326650e+00 -7.251583e-01 -7.326398e-01
9.070000e+01 2.198400e+00 -6.983761e-01 -7.347245e-01
9.080000e+01 2.068768e+00 -6.979660e-01 -7.332527e-01
9.090000e+01 1.943839e+00 -7.234903e-01 -7.282283e-01
9.100000e+01 1.829431e+00 -7.731351e-01 -7.196723e-01
9.110000e+01 1.730798e+00 -8.438059e-01 -7.076230e-01
9.120000e+01 1.652348e+00 -9.312916e-01 -6.921358e-01
9.130000e+01 1.597411e+00 -1.030486e+00 -6.732825e-01
9.140000e+01 1.568064e+00 -1.135659e+00 -6.511514e-01
9.150000e+01 1.565020e+00 -1.240758e+00 -6.258469e-01
9.160000e+01 1.587592e+00 -1.339726e+00 -5.974887e-01
9.170000e+01 1.633729e+00 -1.426825e+00 -5.662115e-01
9.180000e+01 1.700123e+00 -1.496937e+00 -5.321641e-01
9.190000e+01 1.782385e+00 -1.545835e+00 -4.955092e-01
9.200000e+01 1.875279e+00 -1.570404e+00 -4.564218e-01
9.210000e+01 1.972992e+00 -1.568808e+00 -4.150893e-01
9.220000e+01 2.069450e+00 -1.540588e+00 -3.717099e-01
9.230000e+01 2.158630e+00 -1.486681e+00 -3.264918e-01
9.240000e+01 2.234886e+00 -1.409379e+00 -2.796526e-01
9.250000e+01 2.293239e+00 -1.312198e+00 -2.314176e-01
9.260000e+01 2.329648e+00 -1.199702e+00 -1.820194e-01
9.270000e+01 2.341219e+00 -1.077255e+00 -1.316961e-01
9.280000e+01 2.326357e+00 -9.507405e-01 -8.069072e-02
9.290000e+01 2.284855e+00 -8.262533e-01 -2.924969e-02
9.300000e+01 2.217899e+00 -7.097733e-01 2.237820e-02
9.310000e+01 2.128011e+00 -6.068529e-01 7.394307e-02
9.320000e+01 2.018913e+00 -5.223225e-01 1.251951e-01
9.330000e+01 1.895331e+00 -4.600364e-01 1.758858e-01
9.340000e+01 1.762744e+00 -4.226687e-01 2.257692e-01
9.350000e+01 1.627100e+00 -4.115724e-01 2.746030e-01
9.360000e+01 1.494496e+00 -4.267084e-01 3.221497e-01
9.370000e+01 1.370859e+00 -4.666469e-01 3.681781e-01
9.380000e+01 1.261635e+00 -5.286436e-01 4.124638e-01
9.390000e+01 1.171498e+00 -6.087844e-01 4.547911e-01
9.400000e+01 1.104104e+00 -7.021919e-01 4.949531e-01
9.410000e+01 1.061901e+00 -8.032838e-01 5.327536e-01
9.420000e+01 1.045996e+00 -9.060666e-01 5.680075e-01
9.430000e+01 1.056101e+00 -1.004453e+00 6.005419e-01
9.440000e+01 1.090544e+00 -1.092583e+00 6.301970e-01
9.450000e+01 1.146358e+00 -1.165133e+00 6.568268e-01
9.460000e+01 1.219443e+00 -1.217599e+00 6.802997e-01
9.470000e+01 1.304775e+00 -1.246531e+00 7.004995e-01
9.480000e+01 1.396677e+00 -1.249718e+00 7.173256e-01
9.490000e+01 1.489116e+00 -1.226303e+00 7.306937e-01
9.500000e+01 1.576023e+00 -1.176832e+00 7.405362e-01
9.510000e+01 1.651613e+00 -1.103219e+00 7.468025e-01
9.520000e+01 1.710690e+00 -1.008650e+00 7.494593e-01
9.530000e+01 1.748925e+00 -8.974144e-01 7.484907e-01
9.540000e+01 1.763079e+00 -7.746763e-01 7.438984e-01
9.550000e+01 1.751177e+00 -6.462037e-01 7.357017e-01
9.560000e+01 1.712614e+00 -5.180633e-01 7.239373e-01
9.570000e+01 1.648186e+00 -3.963007e-01 7.086591e-01
9.580000e+01 1.560046e+00 -2.866209e-01 6.899384e-01
9.590000e+01 1.451592e+00 -1.940875e-01 6.678629e-01
9.600000e+01 1.327290e+00 -1.228552e-01 6.425367e-01
9.610000e+01 1.192434e+00 -7.595046e-02 6.140798e-01
9.620000e+01 1.052870e+00 -5.511203e-02 5.826274e-01
9.630000e+01 9.146852e-01 -6.069905e-02 5.483294e-01
9.640000e+01 7.838891e-01 -9.167220e-02 5.113495e-01
9.650000e+01 6.660943e-01 -1.456487e-01 4.718645e-01
9.660000e+01 5.662212e-01 -2.190281e-01 4.300637e-01
9.670000e+01 4.882381e-01 -3.071826e-01 3.861473e-01
9.680000e+01 4.349522e-01 -4.047014e-01 3.403265e-01
9.690000e+01 4.078609e-01 -5.056764e-01 2.928213e-01
9.700000e+01 4.070735e-01 -6.040145e-01 2.438606e-01
9.710000e+01 4.313052e-01 -6.937591e-01 1.936800e-01
9.720000e+01 4.779450e-01 -7.694047e-01 1.425216e-01
9.730000e+01 5.431943e-01 -8.261879e-01 9.063219e-02
9.740000e+01 6.222667e-01 -8.603387e-01 3.826237e-02
9.750000e+01 7.096418e-01 -8.692801e-01 -1.433474e-02
9.760000e+01 7.993561e-01 -8.517636e-01 -6.690472e-02
9.770000e+01 8.853184e-01 -8.079358e-01 -1.191931e-01
9.780000e+01 9.616315e-01 -7.393303e-01 -1.709465e-01
9.790000e+01 1.022903e+00 -6.487872e-01 -2.219141e-01
9.800000e+01 1.064533e+00 -5.403029e-01 -2.718486e-01
9.810000e+01 1.082952e+00 -4.188193e-01 -3.205074e-01
9.820000e+01 1.075814e+00 -2.899630e-01 -3.676539e-01
9.830000e+01 1.042120e+00 -1.597485e-01 -4.130590e-01
9.840000e+01 9.822676e-01 -3.426012e-02 -4.565014e-01
9.850000e+01 8.980341e-01 8.066848e-02 -4.977693e-01
9.860000e+01 7.924807e-01 1.797627e-01 -5.366613e-01
9.870000e+01 6.697913e-01 2.585850e-01 -5.729874e-01
9.880000e+01 5.350523e-01 3.137697e-01 -6.065697e-01
9.890000e+01 3.939835e-01 3.431999e-01 -6.372437e-01
9.900000e+01 2.526368e-01 3.461198e-01 -6.648585e-01
9.910000e+01 1.170763e-01 3.231739e-01 -6.892783e-01
9.920000e+01 -6.941143e-03 2.763735e-01 -7.103823e-01
9.930000e+01 -1.142702e-01 2.089900e-01 -7.280659e-01
9.940000e+01 -2.006484e-01 1.253822e-01 -7.422410e-01
9.950000e+01 -2.629209e-01 3.076600e-02 -7.528361e-01
9.960000e+01 -2.992072e-01 -6.906080e-02 -7.597974e-01
9.970000e+01 -3.090001e-01 -1.680251e-01 -7.630884e-01
9.980000e+01 -2.931924e-01 -2.600989e-01 -7.626903e-01
9.990000e+01 -2.540293e-01 -3.396180e-01 -7.586023e-01
1.000000e+02 -1.949903e-01 -4.015809e-01 -7.508414e-01
