0 0 0
5.000000e-02 2.373518e-03 3.363291e-03
1.000000e-01 4.734726e-03 6.748484e-03
1.500000e-01 7.058018e-03 1.015607e-02
2.000000e-01 9.321463e-03 1.358651e-02
2.500000e-01 1.150808e-02 1.704027e-02
3.000000e-01 1.360645e-02 2.051777e-02
3.500000e-01 1.561065e-02 2.401937e-02
4.000000e-01 1.751973e-02 2.754541e-02
4.500000e-01 1.933689e-02 3.109614e-02
5.000000e-01 2.106852e-02 3.467176e-02
5.500000e-01 2.272329e-02 3.827238e-02
6.000000e-01 2.431135e-02 4.189805e-02
6.500000e-01 2.584370e-02 4.554874e-02
7.000000e-01 2.733169e-02 4.922433e-02
7.500000e-01 2.878671e-02 5.292462e-02
8.000000e-01 3.021998e-02 5.664936e-02
8.500000e-01 3.164244e-02 6.039819e-02
9.000000e-01 3.306472e-02 6.417072e-02
9.500000e-01 3.449714e-02 6.796649e-02
1.000000e+00 3.594982e-02 7.178499e-02
1.050000e+00 3.743269e-02 7.562567e-02
1.100000e+00 3.895564e-02 7.948798e-02
1.150000e+00 4.052863e-02 8.337132e-02
1.200000e+00 4.216180e-02 8.727511e-02
1.250000e+00 4.386557e-02 9.119881e-02
1.300000e+00 4.565083e-02 9.514186e-02
1.350000e+00 4.752905e-02 9.910379e-02
1.400000e+00 4.951244e-02 1.030842e-01
1.450000e+00 5.161410e-02 1.070826e-01
1.500000e+00 5.384822e-02 1.110989e-01
1.550000e+00 5.623023e-02 1.151329e-01
1.600000e+00 5.877701e-02 1.191844e-01
1.650000e+00 6.150707e-02 1.232536e-01
1.700000e+00 6.444080e-02 1.273408e-01
1.750000e+00 6.760066e-02 1.314461e-01
1.800000e+00 7.101135e-02 1.355702e-01
1.850000e+00 7.470001e-02 1.397136e-01
1.900000e+00 7.869633e-02 1.438773e-01
1.950000e+00 8.303249e-02 1.480620e-01
2.000000e+00 8.774305e-02 1.522690e-01
2.050000e+00 9.286442e-02 1.564995e-01
2.100000e+00 9.843399e-02 1.607548e-01
2.150000e+00 1.044886e-01 1.650365e-01
2.200000e+00 1.110618e-01 1.693462e-01
2.250000e+00 1.181806e-01 1.736856e-01
2.300000e+00 1.258592e-01 1.780565e-01
2.350000e+00 1.340917e-01 1.824609e-01
2.400000e+00 1.428420e-01 1.869006e-01
2.450000e+00 1.520309e-01 1.913775e-01
2.500000e+00 1.615232e-01 1.958936e-01
2.550000e+00 1.711156e-01 2.004508e-01
2.600000e+00 1.805316e-01 2.050510e-01
2.650000e+00 1.894295e-01 2.096960e-01
2.700000e+00 1.974286e-01 2.143874e-01
2.750000e+00 2.041557e-01 2.191268e-01
2.800000e+00 2.093038e-01 2.239157e-01
2.850000e+00 2.126878e-01 2.287552e-01
2.900000e+00 2.142763e-01 2.336466e-01
2.950000e+00 2.141903e-01 2.385905e-01
3.000000e+00 2.126689e-01 2.435878e-01
3.050000e+00 2.100183e-01 2.486388e-01
3.100000e+00 2.065603e-01 2.537437e-01
3.150000e+00 2.025942e-01 2.589024e-01
3.200000e+00 1.983740e-01 2.641146e-01
3.250000e+00 1.941013e-01 2.693797e-01
3.300000e+00 1.899264e-01 2.746970e-01
3.350000e+00 1.859560e-01 2.800653e-01
3.400000e+00 1.822617e-01 2.854833e-01
3.450000e+00 1.788884e-01 2.909496e-01
3.500000e+00 1.758619e-01 2.964625e-01
3.550000e+00 1.731946e-01 3.020199e-01
3.600000e+00 1.708898e-01 3.076198e-01
3.650000e+00 1.689452e-01 3.132601e-01
3.700000e+00 1.673555e-01 3.189384e-01
3.750000e+00 1.661136e-01 3.246522e-01
3.800000e+00 1.652121e-01 3.303991e-01
3.850000e+00 1.646443e-01 3.361766e-01
3.900000e+00 1.644042e-01 3.419821e-01
3.950000e+00 1.644873e-01 3.478132e-01
4.000000e+00 1.648910e-01 3.536674e-01
4.050000e+00 1.656143e-01 3.595424e-01
4.100000e+00 1.666582e-01 3.654359e-01
4.150000e+00 1.680259e-01 3.713460e-01
4.200000e+00 1.697228e-01 3.772707e-01
4.250000e+00 1.717565e-01 3.832083e-01
4.300000e+00 1.741372e-01 3.891575e-01
4.350000e+00 1.768774e-01 3.951169e-01
4.400000e+00 1.799924e-01 4.010858e-01
4.450000e+00 1.835003e-01 4.070634e-01
4.500000e+00 1.874221e-01 4.130495e-01
4.550000e+00 1.917818e-01 4.190440e-01
4.600000e+00 1.966069e-01 4.250473e-01
4.650000e+00 2.019281e-01 4.310599e-01
4.700000e+00 2.077796e-01 4.370830e-01
4.750000e+00 2.141993e-01 4.431177e-01
4.800000e+00 2.212285e-01 4.491656e-01
4.850000e+00 2.289116e-01 4.552288e-01
4.900000e+00 2.372960e-01 4.613095e-01
4.950000e+00 2.464309e-01 4.674100e-01
5.000000e+00 2.563658e-01 4.735332e-01
5.050000e+00 2.671490e-01 4.796820e-01
5.100000e+00 2.788237e-01 4.858597e-01
5.150000e+00 2.914240e-01 4.920694e-01
5.200000e+00 3.049687e-01 4.983148e-01
5.250000e+00 3.194527e-01 5.045993e-01
5.300000e+00 3.348369e-01 5.109266e-01
5.350000e+00 3.510346e-01 5.173004e-01
5.400000e+00 3.678975e-01 5.237242e-01
5.450000e+00 3.852003e-01 5.302016e-01
5.500000e+00 4.026288e-01 5.367361e-01
5.550000e+00 4.197749e-01 5.433310e-01
5.600000e+00 4.361452e-01 5.499894e-01
5.650000e+00 4.511869e-01 5.567144e-01
5.700000e+00 4.643352e-01 5.635085e-01
5.750000e+00 4.750769e-01 5.703743e-01
5.800000e+00 4.830198e-01 5.773137e-01
5.850000e+00 4.879504e-01 5.843287e-01
5.900000e+00 4.898632e-01 5.914206e-01
5.950000e+00 4.889538e-01 5.985905e-01
6.000000e+00 4.855795e-01 6.058392e-01
6.050000e+00 4.801992e-01 6.131670e-01
6.100000e+00 4.733113e-01 6.205738e-01
6.150000e+00 4.654009e-01 6.280593e-01
6.200000e+00 4.569038e-01 6.356227e-01
6.250000e+00 4.481882e-01 6.432629e-01
6.300000e+00 4.395491e-01 6.509784e-01
6.350000e+00 4.312128e-01 6.587676e-01
6.400000e+00 4.233458e-01 6.666284e-01
6.450000e+00 4.160656e-01 6.745585e-01
6.500000e+00 4.094513e-01 6.825556e-01
6.550000e+00 4.035532e-01 6.906170e-01
6.600000e+00 3.984007e-01 6.987399e-01
6.650000e+00 3.940083e-01 7.069214e-01
6.700000e+00 3.903813e-01 7.151588e-01
6.750000e+00 3.875188e-01 7.234489e-01
6.800000e+00 3.854170e-01 7.317891e-01
6.850000e+00 3.840710e-01 7.401764e-01
6.900000e+00 3.834765e-01 7.486083e-01
6.950000e+00 3.836306e-01 7.570822e-01
7.000000e+00 3.845329e-01 7.655957e-01
7.050000e+00 3.861861e-01 7.741469e-01
7.100000e+00 3.885959e-01 7.827339e-01
7.150000e+00 3.917718e-01 7.913553e-01
7.200000e+00 3.957268e-01 8.000097e-01
7.250000e+00 4.004779e-01 8.086965e-01
7.300000e+00 4.060457e-01 8.174151e-01
7.350000e+00 4.124544e-01 8.261655e-01
7.400000e+00 4.197315e-01 8.349479e-01
7.450000e+00 4.279074e-01 8.437631e-01
7.500000e+00 4.370148e-01 8.526120e-01
7.550000e+00 4.470875e-01 8.614962e-01
7.600000e+00 4.581592e-01 8.704175e-01
7.650000e+00 4.702618e-01 8.793781e-01
7.700000e+00 4.834226e-01 8.883804e-01
7.750000e+00 4.976612e-01 8.974273e-01
7.800000e+00 5.129850e-01 9.065219e-01
7.850000e+00 5.293840e-01 9.156674e-01
7.900000e+00 5.468240e-01 9.248673e-01
7.950000e+00 5.652380e-01 9.341254e-01
8.000000e+00 5.845180e-01 9.434455e-01
8.050000e+00 6.045042e-01 9.528313e-01
8.100000e+00 6.249761e-01 9.622867e-01
8.150000e+00 6.456444e-01 9.718156e-01
8.200000e+00 6.661478e-01 9.814217e-01
8.250000e+00 6.860560e-01 9.911086e-01
8.300000e+00 7.048824e-01 1.000880e+00
8.350000e+00 7.221087e-01 1.010738e+00
8.400000e+00 7.372202e-01 1.020687e+00
8.450000e+00 7.497501e-01 1.030729e+00
8.500000e+00 7.593264e-01 1.040866e+00
8.550000e+00 7.657126e-01 1.051101e+00
8.600000e+00 7.688337e-01 1.061434e+00
8.650000e+00 7.687822e-01 1.071866e+00
8.700000e+00 7.658027e-01 1.082399e+00
8.750000e+00 7.602596e-01 1.093032e+00
8.800000e+00 7.525949e-01 1.103766e+00
8.850000e+00 7.432852e-01 1.114598e+00
8.900000e+00 7.328036e-01 1.125528e+00
8.950000e+00 7.215915e-01 1.136555e+00
9.000000e+00 7.100407e-01 1.147675e+00
9.050000e+00 6.984849e-01 1.158887e+00
9.100000e+00 6.871984e-01 1.170188e+00
9.150000e+00 6.763999e-01 1.181574e+00
9.200000e+00 6.662592e-01 1.193041e+00
9.250000e+00 6.569044e-01 1.204587e+00
9.300000e+00 6.484302e-01 1.216206e+00
9.350000e+00 6.409051e-01 1.227895e+00
9.400000e+00 6.343775e-01 1.239650e+00
9.450000e+00 6.288817e-01 1.251466e+00
9.500000e+00 6.244418e-01 1.263339e+00
9.550000e+00 6.210761e-01 1.275264e+00
9.600000e+00 6.187997e-01 1.287239e+00
9.650000e+00 6.176268e-01 1.299259e+00
9.700000e+00 6.175731e-01 1.311320e+00
9.750000e+00 6.186573e-01 1.323420e+00
9.800000e+00 6.209023e-01 1.335555e+00
9.850000e+00 6.243364e-01 1.347723e+00
9.900000e+00 6.289947e-01 1.359922e+00
9.950000e+00 6.349200e-01 1.372151e+00
1.000000e+01 6.421637e-01 1.384409e+00
1.005000e+01 6.507871e-01 1.396696e+00
1.010000e+01 6.608622e-01 1.409011e+00
1.015000e+01 6.724733e-01 1.421356e+00
1.020000e+01 6.857182e-01 1.433732e+00
1.025000e+01 7.007093e-01 1.446141e+00
1.030000e+01 7.175755e-01 1.458586e+00
1.035000e+01 7.364635e-01 1.471070e+00
1.040000e+01 7.575395e-01 1.483598e+00
1.045000e+01 7.809905e-01 1.496173e+00
1.050000e+01 8.070256e-01 1.508801e+00
1.055000e+01 8.358761e-01 1.521487e+00
1.060000e+01 8.677953e-01 1.534236e+00
1.065000e+01 9.030553e-01 1.547057e+00
1.070000e+01 9.419418e-01 1.559954e+00
1.075000e+01 9.847436e-01 1.572934e+00
1.080000e+01 1.031735e+00 1.586006e+00
1.085000e+01 1.083147e+00 1.599175e+00
1.090000e+01 1.139125e+00 1.612450e+00
1.095000e+01 1.199666e+00 1.625837e+00
1.100000e+01 1.264530e+00 1.639344e+00
1.105000e+01 1.333125e+00 1.652977e+00
1.110000e+01 1.404369e+00 1.666744e+00
1.115000e+01 1.476547e+00 1.680649e+00
1.120000e+01 1.547215e+00 1.694700e+00
1.125000e+01 1.613201e+00 1.708902e+00
1.130000e+01 1.670808e+00 1.723260e+00
1.135000e+01 1.716255e+00 1.737777e+00
1.140000e+01 1.746331e+00 1.752459e+00
1.145000e+01 1.759066e+00 1.767307e+00
1.150000e+01 1.754195e+00 1.782324e+00
1.155000e+01 1.733178e+00 1.797512e+00
1.160000e+01 1.698798e+00 1.812872e+00
1.165000e+01 1.654527e+00 1.828403e+00
1.170000e+01 1.603886e+00 1.844105e+00
1.175000e+01 1.549996e+00 1.859976e+00
1.180000e+01 1.495360e+00 1.876014e+00
1.185000e+01 1.441823e+00 1.892217e+00
1.190000e+01 1.390640e+00 1.908580e+00
1.195000e+01 1.342594e+00 1.925099e+00
1.200000e+01 1.298120e+00 1.941771e+00
1.205000e+01 1.257402e+00 1.958588e+00
1.210000e+01 1.220465e+00 1.975545e+00
1.215000e+01 1.187227e+00 1.992637e+00
1.220000e+01 1.157550e+00 2.009857e+00
1.225000e+01 1.131263e+00 2.027198e+00
1.230000e+01 1.108185e+00 2.044653e+00
1.235000e+01 1.088139e+00 2.062215e+00
1.240000e+01 1.070956e+00 2.079877e+00
1.245000e+01 1.056481e+00 2.097633e+00
1.250000e+01 1.044576e+00 2.115476e+00
1.255000e+01 1.035123e+00 2.133400e+00
1.260000e+01 1.028018e+00 2.151398e+00
1.265000e+01 1.023178e+00 2.169466e+00
1.270000e+01 1.020536e+00 2.187597e+00
1.275000e+01 1.020043e+00 2.205788e+00
1.280000e+01 1.021664e+00 2.224035e+00
1.285000e+01 1.025383e+00 2.242334e+00
1.290000e+01 1.031195e+00 2.260683e+00
1.295000e+01 1.039113e+00 2.279081e+00
1.300000e+01 1.049163e+00 2.297526e+00
1.305000e+01 1.061386e+00 2.316018e+00
1.310000e+01 1.075835e+00 2.334559e+00
1.315000e+01 1.092577e+00 2.353149e+00
1.320000e+01 1.111691e+00 2.371790e+00
1.325000e+01 1.133268e+00 2.390487e+00
1.330000e+01 1.157410e+00 2.409243e+00
1.335000e+01 1.184226e+00 2.428062e+00
1.340000e+01 1.213831e+00 2.446950e+00
1.345000e+01 1.246344e+00 2.465913e+00
1.350000e+01 1.281877e+00 2.484957e+00
1.355000e+01 1.320534e+00 2.504089e+00
1.360000e+01 1.362397e+00 2.523318e+00
1.365000e+01 1.407514e+00 2.542650e+00
1.370000e+01 1.455882e+00 2.562094e+00
1.375000e+01 1.507424e+00 2.581658e+00
1.380000e+01 1.561964e+00 2.601351e+00
1.385000e+01 1.619195e+00 2.621181e+00
1.390000e+01 1.678645e+00 2.641157e+00
1.395000e+01 1.739646e+00 2.661286e+00
1.400000e+01 1.801301e+00 2.681577e+00
1.405000e+01 1.862474e+00 2.702037e+00
1.410000e+01 1.921795e+00 2.722674e+00
1.415000e+01 1.977708e+00 2.743494e+00
1.420000e+01 2.028548e+00 2.764503e+00
1.425000e+01 2.072673e+00 2.785707e+00
1.430000e+01 2.108617e+00 2.807110e+00
1.435000e+01 2.135250e+00 2.828717e+00
1.440000e+01 2.151916e+00 2.850531e+00
1.445000e+01 2.158504e+00 2.872554e+00
1.450000e+01 2.155459e+00 2.894788e+00
1.455000e+01 2.143700e+00 2.917235e+00
1.460000e+01 2.124500e+00 2.939893e+00
1.465000e+01 2.099335e+00 2.962762e+00
1.470000e+01 2.069734e+00 2.985841e+00
1.475000e+01 2.037170e+00 3.009127e+00
1.480000e+01 2.002970e+00 3.032617e+00
1.485000e+01 1.968282e+00 3.056307e+00
1.490000e+01 1.934050e+00 3.080194e+00
1.495000e+01 1.901030e+00 3.104271e+00
1.500000e+01 1.869805e+00 3.128535e+00
1.505000e+01 1.840811e+00 3.152979e+00
1.510000e+01 1.814368e+00 3.177598e+00
1.515000e+01 1.790698e+00 3.202385e+00
1.520000e+01 1.769956e+00 3.227333e+00
1.525000e+01 1.752244e+00 3.252438e+00
1.530000e+01 1.737628e+00 3.277692e+00
1.535000e+01 1.726151e+00 3.303090e+00
1.540000e+01 1.717841e+00 3.328626e+00
1.545000e+01 1.712722e+00 3.354294e+00
1.550000e+01 1.710818e+00 3.380091e+00
1.555000e+01 1.712159e+00 3.406010e+00
1.560000e+01 1.716783e+00 3.432050e+00
1.565000e+01 1.724739e+00 3.458206e+00
1.570000e+01 1.736091e+00 3.484476e+00
1.575000e+01 1.750919e+00 3.510858e+00
1.580000e+01 1.769319e+00 3.537353e+00
1.585000e+01 1.791405e+00 3.563959e+00
1.590000e+01 1.817309e+00 3.590678e+00
1.595000e+01 1.847182e+00 3.617511e+00
1.600000e+01 1.881191e+00 3.644462e+00
1.605000e+01 1.919519e+00 3.671533e+00
1.610000e+01 1.962361e+00 3.698730e+00
1.615000e+01 2.009918e+00 3.726057e+00
1.620000e+01 2.062394e+00 3.753520e+00
1.625000e+01 2.119980e+00 3.781126e+00
1.630000e+01 2.182840e+00 3.808881e+00
1.635000e+01 2.251093e+00 3.836795e+00
1.640000e+01 2.324782e+00 3.864875e+00
1.645000e+01 2.403841e+00 3.893130e+00
1.650000e+01 2.488044e+00 3.921568e+00
1.655000e+01 2.576950e+00 3.950200e+00
1.660000e+01 2.669839e+00 3.979035e+00
1.665000e+01 2.765640e+00 4.008081e+00
1.670000e+01 2.862867e+00 4.037349e+00
1.675000e+01 2.959568e+00 4.066847e+00
1.680000e+01 3.053323e+00 4.096584e+00
1.685000e+01 3.141298e+00 4.126569e+00
1.690000e+01 3.220391e+00 4.156809e+00
1.695000e+01 3.287468e+00 4.187312e+00
1.700000e+01 3.339681e+00 4.218084e+00
1.705000e+01 3.374813e+00 4.249132e+00
1.710000e+01 3.391578e+00 4.280459e+00
1.715000e+01 3.389801e+00 4.312072e+00
1.720000e+01 3.370428e+00 4.343972e+00
1.725000e+01 3.335365e+00 4.376162e+00
1.730000e+01 3.287197e+00 4.408644e+00
1.735000e+01 3.228853e+00 4.441418e+00
1.740000e+01 3.163301e+00 4.474483e+00
1.745000e+01 3.093312e+00 4.507838e+00
1.750000e+01 3.021307e+00 4.541480e+00
1.755000e+01 2.949296e+00 4.575406e+00
1.760000e+01 2.878865e+00 4.609611e+00
1.765000e+01 2.811217e+00 4.644090e+00
1.770000e+01 2.747222e+00 4.678837e+00
1.775000e+01 2.687479e+00 4.713847e+00
1.780000e+01 2.632378e+00 4.749111e+00
1.785000e+01 2.582147e+00 4.784622e+00
1.790000e+01 2.536900e+00 4.820373e+00
1.795000e+01 2.496669e+00 4.856354e+00
1.800000e+01 2.461435e+00 4.892559e+00
1.805000e+01 2.431147e+00 4.928978e+00
1.810000e+01 2.405736e+00 4.965602e+00
1.815000e+01 2.385134e+00 5.002425e+00
1.820000e+01 2.369275e+00 5.039438e+00
1.825000e+01 2.358107e+00 5.076634e+00
1.830000e+01 2.351597e+00 5.114007e+00
1.835000e+01 2.349731e+00 5.151549e+00
1.840000e+01 2.352522e+00 5.189256e+00
1.845000e+01 2.360009e+00 5.227124e+00
1.850000e+01 2.372263e+00 5.265147e+00
1.855000e+01 2.389386e+00 5.303325e+00
1.860000e+01 2.411515e+00 5.341655e+00
1.865000e+01 2.438826e+00 5.380136e+00
1.870000e+01 2.471535e+00 5.418770e+00
1.875000e+01 2.509904e+00 5.457558e+00
1.880000e+01 2.554241e+00 5.496503e+00
1.885000e+01 2.604906e+00 5.535608e+00
1.890000e+01 2.662316e+00 5.574880e+00
1.895000e+01 2.726951e+00 5.614324e+00
1.900000e+01 2.799352e+00 5.653949e+00
1.905000e+01 2.880134e+00 5.693761e+00
1.910000e+01 2.969983e+00 5.733771e+00
1.915000e+01 3.069658e+00 5.773988e+00
1.920000e+01 3.179990e+00 5.814425e+00
1.925000e+01 3.301871e+00 5.855091e+00
1.930000e+01 3.436239e+00 5.896001e+00
1.935000e+01 3.584044e+00 5.937165e+00
1.940000e+01 3.746191e+00 5.978598e+00
1.945000e+01 3.923461e+00 6.020312e+00
1.950000e+01 4.116376e+00 6.062321e+00
1.955000e+01 4.325014e+00 6.104638e+00
1.960000e+01 4.548742e+00 6.147276e+00
1.965000e+01 4.785878e+00 6.190247e+00
1.970000e+01 5.033261e+00 6.233565e+00
1.975000e+01 5.285811e+00 6.277241e+00
1.980000e+01 5.536149e+00 6.321286e+00
1.985000e+01 5.774495e+00 6.365710e+00
1.990000e+01 5.989064e+00 6.410523e+00
1.995000e+01 6.167179e+00 6.455732e+00
2.000000e+01 6.297105e+00 6.501346e+00
2.005000e+01 6.370241e+00 6.547371e+00
2.010000e+01 6.382961e+00 6.593812e+00
2.015000e+01 6.337373e+00 6.640672e+00
2.020000e+01 6.240681e+00 6.687954e+00
2.025000e+01 6.103462e+00 6.735659e+00
2.030000e+01 5.937564e+00 6.783789e+00
2.035000e+01 5.754319e+00 6.832340e+00
2.040000e+01 5.563410e+00 6.881312e+00
2.045000e+01 5.372414e+00 6.930700e+00
2.050000e+01 5.186822e+00 6.980501e+00
2.055000e+01 5.010330e+00 7.030708e+00
2.060000e+01 4.845215e+00 7.081316e+00
2.065000e+01 4.692708e+00 7.132316e+00
2.070000e+01 4.553308e+00 7.183701e+00
2.075000e+01 4.427027e+00 7.235462e+00
2.080000e+01 4.313571e+00 7.287591e+00
2.085000e+01 4.212470e+00 7.340078e+00
2.090000e+01 4.123166e+00 7.392913e+00
2.095000e+01 4.045072e+00 7.446086e+00
2.100000e+01 3.977610e+00 7.499589e+00
2.105000e+01 3.920236e+00 7.553411e+00
2.110000e+01 3.872455e+00 7.607545e+00
2.115000e+01 3.833825e+00 7.661981e+00
2.120000e+01 3.803965e+00 7.716711e+00
2.125000e+01 3.782551e+00 7.771728e+00
2.130000e+01 3.769321e+00 7.827027e+00
2.135000e+01 3.764070e+00 7.882601e+00
2.140000e+01 3.766646e+00 7.938446e+00
2.145000e+01 3.776953e+00 7.994559e+00
2.150000e+01 3.794944e+00 8.050938e+00
2.155000e+01 3.820621e+00 8.107583e+00
2.160000e+01 3.854031e+00 8.164493e+00
2.165000e+01 3.895262e+00 8.221670e+00
2.170000e+01 3.944444e+00 8.279117e+00
2.175000e+01 4.001738e+00 8.336839e+00
2.180000e+01 4.067337e+00 8.394842e+00
2.185000e+01 4.141453e+00 8.453131e+00
2.190000e+01 4.224315e+00 8.511716e+00
2.195000e+01 4.316148e+00 8.570605e+00
2.200000e+01 4.417165e+00 8.629808e+00
2.205000e+01 4.527538e+00 8.689337e+00
2.210000e+01 4.647379e+00 8.749203e+00
2.215000e+01 4.776696e+00 8.809419e+00
2.220000e+01 4.915356e+00 8.869998e+00
2.225000e+01 5.063029e+00 8.930955e+00
2.230000e+01 5.219122e+00 8.992303e+00
2.235000e+01 5.382713e+00 9.054057e+00
2.240000e+01 5.552467e+00 9.116230e+00
2.245000e+01 5.726570e+00 9.178838e+00
2.250000e+01 5.902663e+00 9.241894e+00
2.255000e+01 6.077811e+00 9.305413e+00
2.260000e+01 6.248524e+00 9.369406e+00
2.265000e+01 6.410843e+00 9.433888e+00
2.270000e+01 6.560515e+00 9.498869e+00
2.275000e+01 6.693253e+00 9.564361e+00
2.280000e+01 6.805069e+00 9.630373e+00
2.285000e+01 6.892645e+00 9.696915e+00
2.290000e+01 6.953668e+00 9.763995e+00
2.295000e+01 6.987080e+00 9.831619e+00
2.300000e+01 6.993179e+00 9.899792e+00
2.305000e+01 6.973558e+00 9.968518e+00
2.310000e+01 6.930900e+00 1.003780e+01
2.315000e+01 6.868667e+00 1.010764e+01
2.320000e+01 6.790758e+00 1.017804e+01
2.325000e+01 6.701186e+00 1.024900e+01
2.330000e+01 6.603811e+00 1.032051e+01
2.335000e+01 6.502158e+00 1.039257e+01
2.340000e+01 6.399311e+00 1.046518e+01
2.345000e+01 6.297872e+00 1.053833e+01
2.350000e+01 6.199968e+00 1.061202e+01
2.355000e+01 6.107294e+00 1.068623e+01
2.360000e+01 6.021168e+00 1.076097e+01
2.365000e+01 5.942592e+00 1.083621e+01
2.370000e+01 5.872315e+00 1.091197e+01
2.375000e+01 5.810891e+00 1.098822e+01
2.380000e+01 5.758727e+00 1.106495e+01
2.385000e+01 5.716124e+00 1.114216e+01
2.390000e+01 5.683315e+00 1.121985e+01
2.395000e+01 5.660493e+00 1.129799e+01
2.400000e+01 5.647832e+00 1.137659e+01
2.405000e+01 5.645511e+00 1.145564e+01
2.410000e+01 5.653725e+00 1.153513e+01
2.415000e+01 5.672702e+00 1.161505e+01
2.420000e+01 5.702713e+00 1.169541e+01
2.425000e+01 5.744078e+00 1.177620e+01
2.430000e+01 5.797182e+00 1.185742e+01
2.435000e+01 5.862477e+00 1.193906e+01
2.440000e+01 5.940489e+00 1.202114e+01
2.445000e+01 6.031829e+00 1.210364e+01
2.450000e+01 6.137196e+00 1.218658e+01
2.455000e+01 6.257381e+00 1.226996e+01
2.460000e+01 6.393271e+00 1.235378e+01
2.465000e+01 6.545851e+00 1.243806e+01
2.470000e+01 6.716197e+00 1.252281e+01
2.475000e+01 6.905468e+00 1.260803e+01
2.480000e+01 7.114888e+00 1.269373e+01
2.485000e+01 7.345707e+00 1.277994e+01
2.490000e+01 7.599155e+00 1.286665e+01
2.495000e+01 7.876356e+00 1.295390e+01
2.500000e+01 8.178211e+00 1.304169e+01
2.505000e+01 8.505225e+00 1.313004e+01
2.510000e+01 8.857273e+00 1.321896e+01
2.515000e+01 9.233284e+00 1.330848e+01
2.520000e+01 9.630844e+00 1.339861e+01
2.525000e+01 1.004571e+01 1.348937e+01
2.530000e+01 1.047132e+01 1.358077e+01
2.535000e+01 1.089828e+01 1.367283e+01
2.540000e+01 1.131417e+01 1.376557e+01
2.545000e+01 1.170365e+01 1.385901e+01
2.550000e+01 1.204932e+01 1.395315e+01
2.555000e+01 1.233325e+01 1.404802e+01
2.560000e+01 1.253934e+01 1.414362e+01
2.565000e+01 1.265581e+01 1.423997e+01
2.570000e+01 1.267734e+01 1.433708e+01
2.575000e+01 1.260597e+01 1.443496e+01
2.580000e+01 1.245064e+01 1.453361e+01
2.585000e+01 1.222536e+01 1.463304e+01
2.590000e+01 1.194681e+01 1.473326e+01
2.595000e+01 1.163199e+01 1.483427e+01
2.600000e+01 1.129648e+01 1.493607e+01
2.605000e+01 1.095342e+01 1.503866e+01
2.610000e+01 1.061315e+01 1.514204e+01
2.615000e+01 1.028332e+01 1.524621e+01
2.620000e+01 9.969255e+00 1.535117e+01
2.625000e+01 9.674420e+00 1.545690e+01
2.630000e+01 9.400835e+00 1.556341e+01
2.635000e+01 9.149480e+00 1.567069e+01
2.640000e+01 8.920612e+00 1.577872e+01
2.645000e+01 8.714002e+00 1.588750e+01
2.650000e+01 8.529123e+00 1.599703e+01
2.655000e+01 8.365277e+00 1.610728e+01
2.660000e+01 8.221694e+00 1.621825e+01
2.665000e+01 8.097589e+00 1.632994e+01
2.670000e+01 7.992213e+00 1.644232e+01
2.675000e+01 7.904878e+00 1.655539e+01
2.680000e+01 7.834978e+00 1.666915e+01
2.685000e+01 7.782001e+00 1.678358e+01
2.690000e+01 7.745532e+00 1.689867e+01
2.695000e+01 7.725266e+00 1.701442e+01
2.700000e+01 7.721003e+00 1.713082e+01
2.705000e+01 7.732654e+00 1.724787e+01
2.710000e+01 7.760242e+00 1.736556e+01
2.715000e+01 7.803906e+00 1.748390e+01
2.720000e+01 7.863902e+00 1.760287e+01
2.725000e+01 7.940606e+00 1.772249e+01
2.730000e+01 8.034520e+00 1.784275e+01
2.735000e+01 8.146275e+00 1.796366e+01
2.740000e+01 8.276638e+00 1.808523e+01
2.745000e+01 8.426519e+00 1.820746e+01
2.750000e+01 8.596971e+00 1.833037e+01
2.755000e+01 8.789205e+00 1.845396e+01
2.760000e+01 9.004584e+00 1.857825e+01
2.765000e+01 9.244629e+00 1.870324e+01
2.770000e+01 9.511011e+00 1.882897e+01
2.775000e+01 9.805539e+00 1.895544e+01
2.780000e+01 1.013013e+01 1.908267e+01
2.785000e+01 1.048678e+01 1.921068e+01
2.790000e+01 1.087744e+01 1.933949e+01
2.795000e+01 1.130396e+01 1.946912e+01
2.800000e+01 1.176790e+01 1.959960e+01
2.805000e+01 1.227026e+01 1.973093e+01
2.810000e+01 1.281117e+01 1.986316e+01
2.815000e+01 1.338940e+01 1.999628e+01
2.820000e+01 1.400185e+01 2.013034e+01
2.825000e+01 1.464275e+01 2.026535e+01
2.830000e+01 1.530298e+01 2.040132e+01
2.835000e+01 1.596932e+01 2.053829e+01
2.840000e+01 1.662403e+01 2.067626e+01
2.845000e+01 1.724499e+01 2.081525e+01
2.850000e+01 1.780676e+01 2.095529e+01
2.855000e+01 1.828279e+01 2.109638e+01
2.860000e+01 1.864861e+01 2.123855e+01
2.865000e+01 1.888558e+01 2.138179e+01
2.870000e+01 1.898408e+01 2.152613e+01
2.875000e+01 1.894509e+01 2.167157e+01
2.880000e+01 1.877985e+01 2.181812e+01
2.885000e+01 1.850742e+01 2.196578e+01
2.890000e+01 1.815138e+01 2.211456e+01
2.895000e+01 1.773637e+01 2.226446e+01
2.900000e+01 1.728541e+01 2.241549e+01
2.905000e+01 1.681832e+01 2.256763e+01
2.910000e+01 1.635099e+01 2.272089e+01
2.915000e+01 1.589544e+01 2.287527e+01
2.920000e+01 1.546027e+01 2.303075e+01
2.925000e+01 1.505128e+01 2.318734e+01
2.930000e+01 1.467206e+01 2.334502e+01
2.935000e+01 1.432462e+01 2.350379e+01
2.940000e+01 1.400978e+01 2.366364e+01
2.945000e+01 1.372761e+01 2.382456e+01
2.950000e+01 1.347766e+01 2.398655e+01
2.955000e+01 1.325919e+01 2.414958e+01
2.960000e+01 1.307132e+01 2.431366e+01
2.965000e+01 1.291308e+01 2.447878e+01
2.970000e+01 1.278357e+01 2.464493e+01
2.975000e+01 1.268193e+01 2.481209e+01
2.980000e+01 1.260741e+01 2.498027e+01
2.985000e+01 1.255938e+01 2.514946e+01
2.990000e+01 1.253734e+01 2.531965e+01
2.995000e+01 1.254092e+01 2.549085e+01
3.000000e+01 1.256990e+01 2.566304e+01
3.005000e+01 1.262419e+01 2.583624e+01
3.010000e+01 1.270384e+01 2.601044e+01
3.015000e+01 1.280903e+01 2.618564e+01
3.020000e+01 1.294006e+01 2.636186e+01
3.025000e+01 1.309731e+01 2.653910e+01
3.030000e+01 1.328131e+01 2.671737e+01
3.035000e+01 1.349262e+01 2.689667e+01
3.040000e+01 1.373186e+01 2.707703e+01
3.045000e+01 1.399967e+01 2.725845e+01
3.050000e+01 1.429665e+01 2.744095e+01
3.055000e+01 1.462329e+01 2.762456e+01
3.060000e+01 1.497993e+01 2.780928e+01
3.065000e+01 1.536660e+01 2.799514e+01
3.070000e+01 1.578295e+01 2.818216e+01
3.075000e+01 1.622802e+01 2.837037e+01
3.080000e+01 1.670013e+01 2.855977e+01
3.085000e+01 1.719660e+01 2.875041e+01
3.090000e+01 1.771354e+01 2.894231e+01
3.095000e+01 1.824558e+01 2.913548e+01
3.100000e+01 1.878572e+01 2.932995e+01
3.105000e+01 1.932513e+01 2.952575e+01
3.110000e+01 1.985321e+01 2.972290e+01
3.115000e+01 2.035773e+01 2.992143e+01
3.120000e+01 2.082535e+01 3.012136e+01
3.125000e+01 2.124234e+01 3.032270e+01
3.130000e+01 2.159558e+01 3.052549e+01
3.135000e+01 2.187374e+01 3.072973e+01
3.140000e+01 2.206836e+01 3.093546e+01
3.145000e+01 2.217485e+01 3.114268e+01
3.150000e+01 2.219290e+01 3.135141e+01
3.155000e+01 2.212647e+01 3.156167e+01
3.160000e+01 2.198330e+01 3.177346e+01
3.165000e+01 2.177394e+01 3.198681e+01
3.170000e+01 2.151068e+01 3.220170e+01
3.175000e+01 2.120644e+01 3.241816e+01
3.180000e+01 2.087390e+01 3.263619e+01
3.185000e+01 2.052475e+01 3.285579e+01
3.190000e+01 2.016933e+01 3.307696e+01
3.195000e+01 1.981641e+01 3.329970e+01
3.200000e+01 1.947320e+01 3.352401e+01
3.205000e+01 1.914543e+01 3.374989e+01
3.210000e+01 1.883757e+01 3.397734e+01
3.215000e+01 1.855298e+01 3.420634e+01
3.220000e+01 1.829415e+01 3.443691e+01
3.225000e+01 1.806289e+01 3.466901e+01
3.230000e+01 1.786046e+01 3.490267e+01
3.235000e+01 1.768776e+01 3.513785e+01
3.240000e+01 1.754545e+01 3.537456e+01
3.245000e+01 1.743400e+01 3.561280e+01
3.250000e+01 1.735381e+01 3.585255e+01
3.255000e+01 1.730528e+01 3.609381e+01
3.260000e+01 1.728884e+01 3.633657e+01
3.265000e+01 1.730501e+01 3.658083e+01
3.270000e+01 1.735443e+01 3.682659e+01
3.275000e+01 1.743790e+01 3.707385e+01
3.280000e+01 1.755639e+01 3.732260e+01
3.285000e+01 1.771111e+01 3.757285e+01
3.290000e+01 1.790351e+01 3.782461e+01
3.295000e+01 1.813529e+01 3.807786e+01
3.300000e+01 1.840847e+01 3.833263e+01
3.305000e+01 1.872540e+01 3.858893e+01
3.310000e+01 1.908879e+01 3.884675e+01
3.315000e+01 1.950174e+01 3.910612e+01
3.320000e+01 1.996782e+01 3.936706e+01
3.325000e+01 2.049100e+01 3.962957e+01
3.330000e+01 2.107577e+01 3.989368e+01
3.335000e+01 2.172713e+01 4.015941e+01
3.340000e+01 2.245052e+01 4.042678e+01
3.345000e+01 2.325186e+01 4.069581e+01
3.350000e+01 2.413738e+01 4.096653e+01
3.355000e+01 2.511349e+01 4.123897e+01
3.360000e+01 2.618639e+01 4.151315e+01
3.365000e+01 2.736161e+01 4.178911e+01
3.370000e+01 2.864321e+01 4.206687e+01
3.375000e+01 3.003260e+01 4.234647e+01
3.380000e+01 3.152690e+01 4.262792e+01
3.385000e+01 3.311673e+01 4.291128e+01
3.390000e+01 3.478346e+01 4.319655e+01
3.395000e+01 3.649604e+01 4.348379e+01
3.400000e+01 3.820815e+01 4.377300e+01
3.405000e+01 3.985664e+01 4.406424e+01
3.410000e+01 4.136296e+01 4.435751e+01
3.415000e+01 4.263924e+01 4.465285e+01
3.420000e+01 4.359965e+01 4.495028e+01
3.425000e+01 4.417557e+01 4.524983e+01
3.430000e+01 4.432996e+01 4.555153e+01
3.435000e+01 4.406572e+01 4.585538e+01
3.440000e+01 4.342427e+01 4.616141e+01
3.445000e+01 4.247523e+01 4.646964e+01
3.450000e+01 4.130162e+01 4.678008e+01
3.455000e+01 3.998608e+01 4.709275e+01
3.460000e+01 3.860121e+01 4.740765e+01
3.465000e+01 3.720499e+01 4.772480e+01
3.470000e+01 3.584013e+01 4.804420e+01
3.475000e+01 3.453578e+01 4.836585e+01
3.480000e+01 3.331017e+01 4.868977e+01
3.485000e+01 3.217337e+01 4.901595e+01
3.490000e+01 3.112971e+01 4.934440e+01
3.495000e+01 3.017962e+01 4.967511e+01
3.500000e+01 2.932113e+01 5.000808e+01
3.505000e+01 2.855079e+01 5.034331e+01
3.510000e+01 2.786446e+01 5.068079e+01
3.515000e+01 2.725771e+01 5.102053e+01
3.520000e+01 2.672613e+01 5.136251e+01
3.525000e+01 2.626558e+01 5.170673e+01
3.530000e+01 2.587222e+01 5.205318e+01
3.535000e+01 2.554262e+01 5.240187e+01
3.540000e+01 2.527379e+01 5.275279e+01
3.545000e+01 2.506315e+01 5.310594e+01
3.550000e+01 2.490857e+01 5.346131e+01
3.555000e+01 2.480836e+01 5.381890e+01
3.560000e+01 2.476121e+01 5.417872e+01
3.565000e+01 2.476624e+01 5.454076e+01
3.570000e+01 2.482295e+01 5.490504e+01
3.575000e+01 2.493120e+01 5.527155e+01
3.580000e+01 2.509126e+01 5.564031e+01
3.585000e+01 2.530372e+01 5.601132e+01
3.590000e+01 2.556956e+01 5.638460e+01
3.595000e+01 2.589012e+01 5.676017e+01
3.600000e+01 2.626707e+01 5.713803e+01
3.605000e+01 2.670243e+01 5.751821e+01
3.610000e+01 2.719858e+01 5.790073e+01
3.615000e+01 2.775818e+01 5.828561e+01
3.620000e+01 2.838422e+01 5.867288e+01
3.625000e+01 2.907990e+01 5.906257e+01
3.630000e+01 2.984862e+01 5.945471e+01
3.635000e+01 3.069385e+01 5.984932e+01
3.640000e+01 3.161898e+01 6.024644e+01
3.645000e+01 3.262712e+01 6.064610e+01
3.650000e+01 3.372080e+01 6.104834e+01
3.655000e+01 3.490159e+01 6.145320e+01
3.660000e+01 3.616955e+01 6.186071e+01
3.665000e+01 3.752259e+01 6.227091e+01
3.670000e+01 3.895562e+01 6.268384e+01
3.675000e+01 4.045957e+01 6.309954e+01
3.680000e+01 4.202028e+01 6.351803e+01
3.685000e+01 4.361746e+01 6.393937e+01
3.690000e+01 4.522378e+01 6.436359e+01
3.695000e+01 4.680447e+01 6.479072e+01
3.700000e+01 4.831780e+01 6.522080e+01
3.705000e+01 4.971676e+01 6.565386e+01
3.710000e+01 5.095219e+01 6.608993e+01
3.715000e+01 5.197724e+01 6.652905e+01
3.720000e+01 5.275261e+01 6.697125e+01
3.725000e+01 5.325161e+01 6.741654e+01
3.730000e+01 5.346369e+01 6.786496e+01
3.735000e+01 5.339575e+01 6.831652e+01
3.740000e+01 5.307065e+01 6.877125e+01
3.745000e+01 5.252360e+01 6.922917e+01
3.750000e+01 5.179737e+01 6.969030e+01
3.755000e+01 5.093735e+01 7.015464e+01
3.760000e+01 4.998748e+01 7.062221e+01
3.765000e+01 4.898746e+01 7.109303e+01
3.770000e+01 4.797114e+01 7.156709e+01
3.775000e+01 4.696610e+01 7.204442e+01
3.780000e+01 4.599386e+01 7.252501e+01
3.785000e+01 4.507060e+01 7.300886e+01
3.790000e+01 4.420798e+01 7.349599e+01
3.795000e+01 4.341407e+01 7.398640e+01
3.800000e+01 4.269417e+01 7.448008e+01
3.805000e+01 4.205150e+01 7.497703e+01
3.810000e+01 4.148780e+01 7.547727e+01
3.815000e+01 4.100381e+01 7.598078e+01
3.820000e+01 4.059960e+01 7.648758e+01
3.825000e+01 4.027488e+01 7.699766e+01
3.830000e+01 4.002923e+01 7.751103e+01
3.835000e+01 3.986220e+01 7.802769e+01
3.840000e+01 3.977348e+01 7.854764e+01
3.845000e+01 3.976296e+01 7.907090e+01
3.850000e+01 3.983082e+01 7.959747e+01
3.855000e+01 3.997754e+01 8.012735e+01
3.860000e+01 4.020394e+01 8.066057e+01
3.865000e+01 4.051121e+01 8.119713e+01
3.870000e+01 4.090093e+01 8.173706e+01
3.875000e+01 4.137503e+01 8.228037e+01
3.880000e+01 4.193582e+01 8.282707e+01
3.885000e+01 4.258593e+01 8.337721e+01
3.890000e+01 4.332824e+01 8.393079e+01
3.895000e+01 4.416589e+01 8.448786e+01
3.900000e+01 4.510208e+01 8.504843e+01
3.905000e+01 4.613996e+01 8.561255e+01
3.910000e+01 4.728240e+01 8.618024e+01
3.915000e+01 4.853172e+01 8.675155e+01
3.920000e+01 4.988928e+01 8.732651e+01
3.925000e+01 5.135495e+01 8.790517e+01
3.930000e+01 5.292652e+01 8.848757e+01
3.935000e+01 5.459884e+01 8.907374e+01
3.940000e+01 5.636289e+01 8.966374e+01
3.945000e+01 5.820465e+01 9.025762e+01
3.950000e+01 6.010402e+01 9.085541e+01
3.955000e+01 6.203369e+01 9.145716e+01
3.960000e+01 6.395843e+01 9.206293e+01
3.965000e+01 6.583493e+01 9.267276e+01
3.970000e+01 6.761261e+01 9.328670e+01
3.975000e+01 6.923582e+01 9.390478e+01
3.980000e+01 7.064733e+01 9.452707e+01
3.985000e+01 7.179332e+01 9.515359e+01
3.990000e+01 7.262898e+01 9.578441e+01
3.995000e+01 7.312375e+01 9.641954e+01
4.000000e+01 7.326529e+01 9.705905e+01
4.005000e+01 7.306085e+01 9.770296e+01
4.010000e+01 7.253604e+01 9.835131e+01
4.015000e+01 7.173120e+01 9.900414e+01
4.020000e+01 7.069624e+01 9.966148e+01
4.025000e+01 6.948530e+01 1.003233e+02
4.030000e+01 6.815196e+01 1.009898e+02
4.035000e+01 6.674573e+01 1.016608e+02
4.040000e+01 6.530984e+01 1.023365e+02
4.045000e+01 6.388037e+01 1.030168e+02
4.050000e+01 6.248615e+01 1.037017e+02
4.055000e+01 6.114941e+01 1.043913e+02
4.060000e+01 5.988662e+01 1.050856e+02
4.065000e+01 5.870952e+01 1.057846e+02
4.070000e+01 5.762610e+01 1.064884e+02
4.075000e+01 5.664148e+01 1.071968e+02
4.080000e+01 5.575863e+01 1.079100e+02
4.085000e+01 5.497903e+01 1.086280e+02
4.090000e+01 5.430314e+01 1.093507e+02
4.095000e+01 5.373082e+01 1.100781e+02
4.100000e+01 5.326162e+01 1.108104e+02
4.105000e+01 5.289502e+01 1.115474e+02
4.110000e+01 5.263059e+01 1.122893e+02
4.115000e+01 5.246820e+01 1.130360e+02
4.120000e+01 5.240805e+01 1.137874e+02
4.125000e+01 5.245083e+01 1.145437e+02
4.130000e+01 5.259777e+01 1.153049e+02
4.135000e+01 5.285070e+01 1.160709e+02
4.140000e+01 5.321216e+01 1.168419e+02
4.145000e+01 5.368542e+01 1.176177e+02
4.150000e+01 5.427459e+01 1.183985e+02
4.155000e+01 5.498468e+01 1.191842e+02
4.160000e+01 5.582170e+01 1.199749e+02
4.165000e+01 5.679271e+01 1.207706e+02
4.170000e+01 5.790597e+01 1.215714e+02
4.175000e+01 5.917104e+01 1.223772e+02
4.180000e+01 6.059886e+01 1.231882e+02
4.185000e+01 6.220193e+01 1.240044e+02
4.190000e+01 6.399435e+01 1.248257e+02
4.195000e+01 6.599193e+01 1.256523e+02
4.200000e+01 6.821228e+01 1.264843e+02
4.205000e+01 7.067469e+01 1.273216e+02
4.210000e+01 7.340002e+01 1.281643e+02
4.215000e+01 7.641030e+01 1.290124e+02
4.220000e+01 7.972797e+01 1.298661e+02
4.225000e+01 8.337469e+01 1.307254e+02
4.230000e+01 8.736928e+01 1.315903e+02
4.235000e+01 9.172472e+01 1.324609e+02
4.240000e+01 9.644354e+01 1.333373e+02
4.245000e+01 1.015115e+02 1.342195e+02
4.250000e+01 1.068888e+02 1.351076e+02
4.255000e+01 1.124998e+02 1.360016e+02
4.260000e+01 1.182218e+02 1.369016e+02
4.265000e+01 1.238752e+02 1.378077e+02
4.270000e+01 1.292212e+02 1.387200e+02
4.275000e+01 1.339729e+02 1.396384e+02
4.280000e+01 1.378246e+02 1.405630e+02
4.285000e+01 1.404999e+02 1.414940e+02
4.290000e+01 1.418075e+02 1.424313e+02
4.295000e+01 1.416850e+02 1.433750e+02
4.300000e+01 1.402119e+02 1.443251e+02
4.305000e+01 1.375873e+02 1.452817e+02
4.310000e+01 1.340812e+02 1.462449e+02
4.315000e+01 1.299823e+02 1.472146e+02
4.320000e+01 1.255555e+02 1.481910e+02
4.325000e+01 1.210192e+02 1.491740e+02
4.330000e+01 1.165382e+02 1.501637e+02
4.335000e+01 1.122269e+02 1.511602e+02
4.340000e+01 1.081588e+02 1.521634e+02
4.345000e+01 1.043758e+02 1.531734e+02
4.350000e+01 1.008977e+02 1.541902e+02
4.355000e+01 9.772914e+01 1.552138e+02
4.360000e+01 9.486506e+01 1.562443e+02
4.365000e+01 9.229477e+01 1.572817e+02
4.370000e+01 9.000454e+01 1.583260e+02
4.375000e+01 8.797941e+01 1.593773e+02
4.380000e+01 8.620434e+01 1.604354e+02
4.385000e+01 8.466498e+01 1.615006e+02
4.390000e+01 8.334803e+01 1.625728e+02
4.395000e+01 8.224151e+01 1.636520e+02
4.400000e+01 8.133486e+01 1.647382e+02
4.405000e+01 8.061896e+01 1.658315e+02
4.410000e+01 8.008614e+01 1.669319e+02
4.415000e+01 7.973010e+01 1.680395e+02
4.420000e+01 7.954589e+01 1.691542e+02
4.425000e+01 7.952981e+01 1.702760e+02
4.430000e+01 7.967941e+01 1.714051e+02
4.435000e+01 7.999336e+01 1.725415e+02
4.440000e+01 8.047146e+01 1.736851e+02
4.445000e+01 8.111455e+01 1.748361e+02
4.450000e+01 8.192444e+01 1.759945e+02
4.455000e+01 8.290391e+01 1.771603e+02
4.460000e+01 8.405658e+01 1.783335e+02
4.465000e+01 8.538684e+01 1.795144e+02
4.470000e+01 8.689975e+01 1.807028e+02
4.475000e+01 8.860087e+01 1.818988e+02
4.480000e+01 9.049609e+01 1.831026e+02
4.485000e+01 9.259131e+01 1.843141e+02
4.490000e+01 9.489209e+01 1.855335e+02
4.495000e+01 9.740318e+01 1.867608e+02
4.500000e+01 1.001278e+02 1.879961e+02
4.505000e+01 1.030670e+02 1.892395e+02
4.510000e+01 1.062184e+02 1.904910e+02
4.515000e+01 1.095750e+02 1.917507e+02
4.520000e+01 1.131234e+02 1.930187e+02
4.525000e+01 1.168427e+02 1.942951e+02
4.530000e+01 1.207017e+02 1.955799e+02
4.535000e+01 1.246579e+02 1.968733e+02
4.540000e+01 1.286552e+02 1.981752e+02
4.545000e+01 1.326239e+02 1.994859e+02
4.550000e+01 1.364807e+02 2.008053e+02
4.555000e+01 1.401309e+02 2.021336e+02
4.560000e+01 1.434735e+02 2.034708e+02
4.565000e+01 1.464073e+02 2.048170e+02
4.570000e+01 1.488398e+02 2.061723e+02
4.575000e+01 1.506959e+02 2.075368e+02
4.580000e+01 1.519264e+02 2.089105e+02
4.585000e+01 1.525135e+02 2.102934e+02
4.590000e+01 1.524719e+02 2.116858e+02
4.595000e+01 1.518471e+02 2.130875e+02
4.600000e+01 1.507089e+02 2.144988e+02
4.605000e+01 1.491433e+02 2.159196e+02
4.610000e+01 1.472442e+02 2.173499e+02
4.615000e+01 1.451057e+02 2.187900e+02
4.620000e+01 1.428163e+02 2.202398e+02
4.625000e+01 1.404551e+02 2.216993e+02
4.630000e+01 1.380896e+02 2.231687e+02
4.635000e+01 1.357759e+02 2.246479e+02
4.640000e+01 1.335587e+02 2.261370e+02
4.645000e+01 1.314730e+02 2.276361e+02
4.650000e+01 1.295451e+02 2.291452e+02
4.655000e+01 1.277949e+02 2.306643e+02
4.660000e+01 1.262366e+02 2.321935e+02
4.665000e+01 1.248803e+02 2.337328e+02
4.670000e+01 1.237332e+02 2.352823e+02
4.675000e+01 1.228004e+02 2.368420e+02
4.680000e+01 1.220857e+02 2.384119e+02
4.685000e+01 1.215922e+02 2.399922e+02
4.690000e+01 1.213227e+02 2.415828e+02
4.695000e+01 1.212802e+02 2.431837e+02
4.700000e+01 1.214682e+02 2.447951e+02
4.705000e+01 1.218909e+02 2.464170e+02
4.710000e+01 1.225533e+02 2.480494e+02
4.715000e+01 1.234619e+02 2.496925e+02
4.720000e+01 1.246239e+02 2.513461e+02
4.725000e+01 1.260482e+02 2.530105e+02
4.730000e+01 1.277452e+02 2.546856e+02
4.735000e+01 1.297267e+02 2.563716e+02
4.740000e+01 1.320060e+02 2.580685e+02
4.745000e+01 1.345983e+02 2.597763e+02
4.750000e+01 1.375199e+02 2.614952e+02
4.755000e+01 1.407887e+02 2.632253e+02
4.760000e+01 1.444234e+02 2.649666e+02
4.765000e+01 1.484436e+02 2.667191e+02
4.770000e+01 1.528681e+02 2.684831e+02
4.775000e+01 1.577149e+02 2.702585e+02
4.780000e+01 1.629986e+02 2.720456e+02
4.785000e+01 1.687287e+02 2.738443e+02
4.790000e+01 1.749060e+02 2.756548e+02
4.795000e+01 1.815190e+02 2.774771e+02
4.800000e+01 1.885381e+02 2.793114e+02
4.805000e+01 1.959096e+02 2.811578e+02
4.810000e+01 2.035482e+02 2.830164e+02
4.815000e+01 2.113300e+02 2.848873e+02
4.820000e+01 2.190865e+02 2.867706e+02
4.825000e+01 2.266026e+02 2.886664e+02
4.830000e+01 2.336211e+02 2.905749e+02
4.835000e+01 2.398563e+02 2.924960e+02
4.840000e+01 2.450188e+02 2.944300e+02
4.845000e+01 2.488486e+02 2.963769e+02
4.850000e+01 2.511517e+02 2.983368e+02
4.855000e+01 2.518305e+02 3.003099e+02
4.860000e+01 2.508994e+02 3.022963e+02
4.865000e+01 2.484811e+02 3.042960e+02
4.870000e+01 2.447837e+02 3.063091e+02
4.875000e+01 2.400677e+02 3.083357e+02
4.880000e+01 2.346114e+02 3.103760e+02
4.885000e+01 2.286815e+02 3.124301e+02
4.890000e+01 2.225134e+02 3.144979e+02
4.895000e+01 2.163023e+02 3.165796e+02
4.900000e+01 2.102007e+02 3.186753e+02
4.905000e+01 2.043218e+02 3.207851e+02
4.910000e+01 1.987449e+02 3.229090e+02
4.915000e+01 1.935226e+02 3.250471e+02
4.920000e+01 1.886865e+02 3.271995e+02
4.925000e+01 1.842527e+02 3.293663e+02
4.930000e+01 1.802267e+02 3.315476e+02
4.935000e+01 1.766064e+02 3.337434e+02
4.940000e+01 1.733853e+02 3.359537e+02
4.945000e+01 1.705539e+02 3.381787e+02
4.950000e+01 1.681016e+02 3.404185e+02
4.955000e+01 1.660177e+02 3.426730e+02
4.960000e+01 1.642920e+02 3.449424e+02
4.965000e+01 1.629152e+02 3.472268e+02
4.970000e+01 1.618796e+02 3.495262e+02
4.975000e+01 1.611792e+02 3.518406e+02
4.980000e+01 1.608098e+02 3.541703e+02
4.985000e+01 1.607690e+02 3.565152e+02
4.990000e+01 1.610570e+02 3.588754e+02
4.995000e+01 1.616757e+02 3.612510e+02
5.000000e+01 1.626295e+02 3.636421e+02
5.005000e+01 1.639254e+02 3.660487e+02
5.010000e+01 1.655728e+02 3.684711e+02
5.015000e+01 1.675836e+02 3.709092e+02
5.020000e+01 1.699730e+02 3.733631e+02
5.025000e+01 1.727588e+02 3.758331e+02
5.030000e+01 1.759622e+02 3.783191e+02
5.035000e+01 1.796079e+02 3.808212e+02
5.040000e+01 1.837242e+02 3.833397e+02
5.045000e+01 1.883431e+02 3.858746e+02
5.050000e+01 1.935006e+02 3.884260e+02
5.055000e+01 1.992370e+02 3.909940e+02
5.060000e+01 2.055963e+02 3.935788e+02
5.065000e+01 2.126260e+02 3.961806e+02
5.070000e+01 2.203766e+02 3.987993e+02
5.075000e+01 2.289002e+02 4.014353e+02
5.080000e+01 2.382479e+02 4.040885e+02
5.085000e+01 2.484669e+02 4.067592e+02
5.090000e+01 2.595947e+02 4.094475e+02
5.095000e+01 2.716519e+02 4.121535e+02
5.100000e+01 2.846311e+02 4.148774e+02
5.105000e+01 2.984824e+02 4.176194e+02
5.110000e+01 3.130951e+02 4.203795e+02
5.115000e+01 3.282760e+02 4.231579e+02
5.120000e+01 3.437274e+02 4.259548e+02
5.125000e+01 3.590293e+02 4.287703e+02
5.130000e+01 3.736367e+02 4.316046e+02
5.135000e+01 3.869002e+02 4.344578e+02
5.140000e+01 3.981217e+02 4.373300e+02
5.145000e+01 4.066444e+02 4.402215e+02
5.150000e+01 4.119611e+02 4.431322e+02
5.155000e+01 4.138113e+02 4.460625e+02
5.160000e+01 4.122318e+02 4.490123e+02
5.165000e+01 4.075421e+02 4.519819e+02
5.170000e+01 4.002714e+02 4.549714e+02
5.175000e+01 3.910562e+02 4.579808e+02
5.180000e+01 3.805421e+02 4.610105e+02
5.185000e+01 3.693127e+02 4.640603e+02
5.190000e+01 3.578502e+02 4.671306e+02
5.195000e+01 3.465255e+02 4.702214e+02
5.200000e+01 3.356053e+02 4.733328e+02
5.205000e+01 3.252690e+02 4.764650e+02
5.210000e+01 3.156278e+02 4.796180e+02
5.215000e+01 3.067420e+02 4.827920e+02
5.220000e+01 2.986365e+02 4.859871e+02
5.225000e+01 2.913121e+02 4.892035e+02
5.230000e+01 2.847543e+02 4.924411e+02
5.235000e+01 2.789396e+02 4.957002e+02
5.240000e+01 2.738400e+02 4.989808e+02
5.245000e+01 2.694257e+02 5.022832e+02
5.250000e+01 2.656675e+02 5.056072e+02
5.255000e+01 2.625381e+02 5.089532e+02
5.260000e+01 2.600125e+02 5.123212e+02
5.265000e+01 2.580689e+02 5.157114e+02
5.270000e+01 2.566885e+02 5.191238e+02
5.275000e+01 2.558563e+02 5.225585e+02
5.280000e+01 2.555604e+02 5.260158e+02
5.285000e+01 2.557922e+02 5.294957e+02
5.290000e+01 2.565465e+02 5.329984e+02
5.295000e+01 2.578210e+02 5.365240e+02
5.300000e+01 2.596165e+02 5.400726e+02
5.305000e+01 2.619364e+02 5.436444e+02
5.310000e+01 2.647867e+02 5.472396e+02
5.315000e+01 2.681757e+02 5.508582e+02
5.320000e+01 2.721136e+02 5.545005e+02
5.325000e+01 2.766119e+02 5.581666e+02
5.330000e+01 2.816830e+02 5.618566e+02
5.335000e+01 2.873395e+02 5.655709e+02
5.340000e+01 2.935928e+02 5.693094e+02
5.345000e+01 3.004522e+02 5.730724e+02
5.350000e+01 3.079228e+02 5.768601e+02
5.355000e+01 3.160037e+02 5.806726e+02
5.360000e+01 3.246848e+02 5.845102e+02
5.365000e+01 3.339440e+02 5.883730e+02
5.370000e+01 3.437430e+02 5.922613e+02
5.375000e+01 3.540227e+02 5.961751e+02
5.380000e+01 3.646990e+02 6.001148e+02
5.385000e+01 3.756577e+02 6.040805e+02
5.390000e+01 3.867510e+02 6.080724e+02
5.395000e+01 3.977952e+02 6.120908e+02
5.400000e+01 4.085715e+02 6.161357e+02
5.405000e+01 4.188312e+02 6.202075e+02
5.410000e+01 4.283057e+02 6.243064e+02
5.415000e+01 4.367224e+02 6.284324e+02
5.420000e+01 4.438250e+02 6.325859e+02
5.425000e+01 4.493962e+02 6.367671e+02
5.430000e+01 4.532792e+02 6.409761e+02
5.435000e+01 4.553949e+02 6.452131e+02
5.440000e+01 4.557491e+02 6.494784e+02
5.445000e+01 4.544312e+02 6.537721e+02
5.450000e+01 4.516021e+02 6.580945e+02
5.455000e+01 4.474757e+02 6.624457e+02
5.460000e+01 4.422977e+02 6.668259e+02
5.465000e+01 4.363249e+02 6.712353e+02
5.470000e+01 4.298071e+02 6.756741e+02
5.475000e+01 4.229749e+02 6.801424e+02
5.480000e+01 4.160318e+02 6.846406e+02
5.485000e+01 4.091508e+02 6.891687e+02
5.490000e+01 4.024744e+02 6.937269e+02
5.495000e+01 3.961168e+02 6.983154e+02
5.500000e+01 3.901671e+02 7.029344e+02
5.505000e+01 3.846934e+02 7.075841e+02
5.510000e+01 3.797467e+02 7.122646e+02
5.515000e+01 3.753647e+02 7.169761e+02
5.520000e+01 3.715748e+02 7.217188e+02
5.525000e+01 3.683972e+02 7.264929e+02
5.530000e+01 3.658472e+02 7.312985e+02
5.535000e+01 3.639368e+02 7.361359e+02
5.540000e+01 3.626768e+02 7.410051e+02
5.545000e+01 3.620779e+02 7.459065e+02
5.550000e+01 3.621517e+02 7.508400e+02
5.555000e+01 3.629115e+02 7.558061e+02
5.560000e+01 3.643737e+02 7.608048e+02
5.565000e+01 3.665575e+02 7.658363e+02
5.570000e+01 3.694863e+02 7.709009e+02
5.575000e+01 3.731882e+02 7.759987e+02
5.580000e+01 3.776960e+02 7.811299e+02
5.585000e+01 3.830484e+02 7.862948e+02
5.590000e+01 3.892902e+02 7.914936e+02
5.595000e+01 3.964732e+02 7.967264e+02
5.600000e+01 4.046560e+02 8.019935e+02
5.605000e+01 4.139055e+02 8.072951e+02
5.610000e+01 4.242962e+02 8.126315e+02
5.615000e+01 4.359113e+02 8.180029e+02
5.620000e+01 4.488417e+02 8.234095e+02
5.625000e+01 4.631863e+02 8.288516e+02
5.630000e+01 4.790492e+02 8.343294e+02
5.635000e+01 4.965383e+02 8.398433e+02
5.640000e+01 5.157595e+02 8.453933e+02
5.645000e+01 5.368102e+02 8.509799e+02
5.650000e+01 5.597676e+02 8.566032e+02
5.655000e+01 5.846730e+02 8.622636e+02
5.660000e+01 6.115083e+02 8.679613e+02
5.665000e+01 6.401651e+02 8.736966e+02
5.670000e+01 6.704050e+02 8.794698e+02
5.675000e+01 7.018124e+02 8.852811e+02
5.680000e+01 7.337456e+02 8.911308e+02
5.685000e+01 7.652982e+02 8.970193e+02
5.690000e+01 7.952893e+02 9.029468e+02
5.695000e+01 8.223091e+02 9.089136e+02
5.700000e+01 8.448394e+02 9.149199e+02
5.705000e+01 8.614525e+02 9.209661e+02
5.710000e+01 8.710536e+02 9.270525e+02
5.715000e+01 8.730975e+02 9.331793e+02
5.720000e+01 8.677006e+02 9.393469e+02
5.725000e+01 8.556041e+02 9.455554e+02
5.730000e+01 8.380059e+02 9.518052e+02
5.735000e+01 8.163278e+02 9.580966e+02
5.740000e+01 7.919958e+02 9.644299e+02
5.745000e+01 7.662826e+02 9.708053e+02
5.750000e+01 7.402271e+02 9.772231e+02
5.755000e+01 7.146152e+02 9.836835e+02
5.760000e+01 6.900019e+02 9.901870e+02
5.765000e+01 6.667502e+02 9.967336e+02
5.770000e+01 6.450760e+02 1.003324e+03
5.775000e+01 6.250871e+02 1.009958e+03
5.780000e+01 6.068170e+02 1.016636e+03
5.785000e+01 5.902496e+02 1.023358e+03
5.790000e+01 5.753386e+02 1.030125e+03
5.795000e+01 5.620203e+02 1.036937e+03
5.800000e+01 5.502228e+02 1.043793e+03
5.805000e+01 5.398729e+02 1.050696e+03
5.810000e+01 5.308993e+02 1.057643e+03
5.815000e+01 5.232357e+02 1.064637e+03
5.820000e+01 5.168221e+02 1.071677e+03
5.825000e+01 5.116059e+02 1.078764e+03
5.830000e+01 5.075421e+02 1.085897e+03
5.835000e+01 5.045937e+02 1.093077e+03
5.840000e+01 5.027315e+02 1.100304e+03
5.845000e+01 5.019343e+02 1.107580e+03
5.850000e+01 5.021885e+02 1.114902e+03
5.855000e+01 5.034884e+02 1.122274e+03
5.860000e+01 5.058357e+02 1.129693e+03
5.865000e+01 5.092398e+02 1.137162e+03
5.870000e+01 5.137179e+02 1.144679e+03
5.875000e+01 5.192946e+02 1.152246e+03
5.880000e+01 5.260025e+02 1.159862e+03
5.885000e+01 5.338821e+02 1.167529e+03
5.890000e+01 5.429818e+02 1.175246e+03
5.895000e+01 5.533584e+02 1.183013e+03
5.900000e+01 5.650763e+02 1.190832e+03
5.905000e+01 5.782081e+02 1.198702e+03
5.910000e+01 5.928338e+02 1.206624e+03
5.915000e+01 6.090396e+02 1.214598e+03
5.920000e+01 6.269172e+02 1.222624e+03
5.925000e+01 6.465604e+02 1.230703e+03
5.930000e+01 6.680625e+02 1.238836e+03
5.935000e+01 6.915100e+02 1.247022e+03
5.940000e+01 7.169758e+02 1.255261e+03
5.945000e+01 7.445078e+02 1.263556e+03
5.950000e+01 7.741150e+02 1.271905e+03
5.955000e+01 8.057479e+02 1.280309e+03
5.960000e+01 8.392749e+02 1.288768e+03
5.965000e+01 8.744535e+02 1.297284e+03
5.970000e+01 9.108980e+02 1.305856e+03
5.975000e+01 9.480481e+02 1.314484e+03
5.980000e+01 9.851449e+02 1.323170e+03
5.985000e+01 1.021224e+03 1.331913e+03
5.990000e+01 1.055138e+03 1.340714e+03
5.995000e+01 1.085621e+03 1.349574e+03
6.000000e+01 1.111398e+03 1.358492e+03
6.005000e+01 1.131330e+03 1.367470e+03
6.010000e+01 1.144569e+03 1.376507e+03
6.015000e+01 1.150686e+03 1.385604e+03
6.020000e+01 1.149734e+03 1.394761e+03
6.025000e+01 1.142227e+03 1.403979e+03
6.030000e+01 1.129047e+03 1.413259e+03
6.035000e+01 1.111301e+03 1.422600e+03
6.040000e+01 1.090181e+03 1.432003e+03
6.045000e+01 1.066835e+03 1.441468e+03
6.050000e+01 1.042290e+03 1.450997e+03
6.055000e+01 1.017406e+03 1.460588e+03
6.060000e+01 9.928657e+02 1.470243e+03
6.065000e+01 9.691863e+02 1.479963e+03
6.070000e+01 9.467413e+02 1.489746e+03
6.075000e+01 9.257873e+02 1.499595e+03
6.080000e+01 9.064896e+02 1.509508e+03
6.085000e+01 8.889451e+02 1.519488e+03
6.090000e+01 8.732016e+02 1.529533e+03
6.095000e+01 8.592727e+02 1.539645e+03
6.100000e+01 8.471500e+02 1.549823e+03
6.105000e+01 8.368114e+02 1.560069e+03
6.110000e+01 8.282278e+02 1.570383e+03
6.115000e+01 8.213683e+02 1.580764e+03
6.120000e+01 8.162029e+02 1.591214e+03
6.125000e+01 8.127055e+02 1.601733e+03
6.130000e+01 8.108553e+02 1.612321e+03
6.135000e+01 8.106378e+02 1.622980e+03
6.140000e+01 8.120459e+02 1.633708e+03
6.145000e+01 8.150800e+02 1.644507e+03
6.150000e+01 8.197483e+02 1.655377e+03
6.155000e+01 8.260668e+02 1.666318e+03
6.160000e+01 8.340592e+02 1.677332e+03
6.165000e+01 8.437562e+02 1.688418e+03
6.170000e+01 8.551953e+02 1.699577e+03
6.175000e+01 8.684193e+02 1.710809e+03
6.180000e+01 8.834752e+02 1.722116e+03
6.185000e+01 9.004121e+02 1.733497e+03
6.190000e+01 9.192786e+02 1.744952e+03
6.195000e+01 9.401191e+02 1.756483e+03
6.200000e+01 9.629687e+02 1.768090e+03
6.205000e+01 9.878473e+02 1.779774e+03
6.210000e+01 1.014751e+03 1.791534e+03
6.215000e+01 1.043641e+03 1.803372e+03
6.220000e+01 1.074432e+03 1.815288e+03
6.225000e+01 1.106978e+03 1.827282e+03
6.230000e+01 1.141052e+03 1.839356e+03
6.235000e+01 1.176330e+03 1.851509e+03
6.240000e+01 1.212373e+03 1.863743e+03
6.245000e+01 1.248614e+03 1.876057e+03
6.250000e+01 1.284350e+03 1.888453e+03
6.255000e+01 1.318753e+03 1.900931e+03
6.260000e+01 1.350892e+03 1.913491e+03
6.265000e+01 1.379784e+03 1.926134e+03
6.270000e+01 1.404461e+03 1.938861e+03
6.275000e+01 1.424055e+03 1.951673e+03
6.280000e+01 1.437888e+03 1.964569e+03
6.285000e+01 1.445550e+03 1.977550e+03
6.290000e+01 1.446943e+03 1.990618e+03
6.295000e+01 1.442291e+03 2.003772e+03
6.300000e+01 1.432109e+03 2.017014e+03
6.305000e+01 1.417132e+03 2.030343e+03
6.310000e+01 1.398238e+03 2.043760e+03
6.315000e+01 1.376361e+03 2.057267e+03
6.320000e+01 1.352417e+03 2.070863e+03
6.325000e+01 1.327253e+03 2.084549e+03
6.330000e+01 1.301613e+03 2.098326e+03
6.335000e+01 1.276123e+03 2.112194e+03
6.340000e+01 1.251291e+03 2.126155e+03
6.345000e+01 1.227516e+03 2.140207e+03
6.350000e+01 1.205103e+03 2.154353e+03
6.355000e+01 1.184274e+03 2.168593e+03
6.360000e+01 1.165189e+03 2.182926e+03
6.365000e+01 1.147958e+03 2.197355e+03
6.370000e+01 1.132653e+03 2.211879e+03
6.375000e+01 1.119319e+03 2.226500e+03
6.380000e+01 1.107984e+03 2.241216e+03
6.385000e+01 1.098662e+03 2.256031e+03
6.390000e+01 1.091365e+03 2.270943e+03
6.395000e+01 1.086101e+03 2.285953e+03
6.400000e+01 1.082882e+03 2.301063e+03
6.405000e+01 1.081723e+03 2.316272e+03
6.410000e+01 1.082648e+03 2.331582e+03
6.415000e+01 1.085691e+03 2.346993e+03
6.420000e+01 1.090897e+03 2.362505e+03
6.425000e+01 1.098323e+03 2.378120e+03
6.430000e+01 1.108041e+03 2.393838e+03
6.435000e+01 1.120140e+03 2.409659e+03
6.440000e+01 1.134728e+03 2.425584e+03
6.445000e+01 1.151931e+03 2.441615e+03
6.450000e+01 1.171897e+03 2.457751e+03
6.455000e+01 1.194799e+03 2.473993e+03
6.460000e+01 1.220837e+03 2.490343e+03
6.465000e+01 1.250239e+03 2.506800e+03
6.470000e+01 1.283264e+03 2.523365e+03
6.475000e+01 1.320205e+03 2.540040e+03
6.480000e+01 1.361390e+03 2.556824e+03
6.485000e+01 1.407182e+03 2.573719e+03
6.490000e+01 1.457980e+03 2.590726e+03
6.495000e+01 1.514213e+03 2.607844e+03
6.500000e+01 1.576330e+03 2.625076e+03
6.505000e+01 1.644787e+03 2.642421e+03
6.510000e+01 1.720018e+03 2.659880e+03
6.515000e+01 1.802387e+03 2.677455e+03
6.520000e+01 1.892128e+03 2.695146e+03
6.525000e+01 1.989237e+03 2.712953e+03
6.530000e+01 2.093340e+03 2.730879e+03
6.535000e+01 2.203506e+03 2.748922e+03
6.540000e+01 2.318028e+03 2.767085e+03
6.545000e+01 2.434185e+03 2.785368e+03
6.550000e+01 2.548074e+03 2.803772e+03
6.555000e+01 2.654592e+03 2.822298e+03
6.560000e+01 2.747722e+03 2.840946e+03
6.565000e+01 2.821224e+03 2.859718e+03
6.570000e+01 2.869674e+03 2.878613e+03
6.575000e+01 2.889601e+03 2.897634e+03
6.580000e+01 2.880297e+03 2.916781e+03
6.585000e+01 2.843950e+03 2.936055e+03
6.590000e+01 2.785040e+03 2.955456e+03
6.595000e+01 2.709294e+03 2.974986e+03
6.600000e+01 2.622610e+03 2.994646e+03
6.605000e+01 2.530274e+03 3.014435e+03
6.610000e+01 2.436548e+03 3.034356e+03
6.615000e+01 2.344588e+03 3.054408e+03
6.620000e+01 2.256545e+03 3.074594e+03
6.625000e+01 2.173764e+03 3.094913e+03
6.630000e+01 2.096985e+03 3.115366e+03
6.635000e+01 2.026526e+03 3.135955e+03
6.640000e+01 1.962419e+03 3.156680e+03
6.645000e+01 1.904523e+03 3.177543e+03
6.650000e+01 1.852592e+03 3.198543e+03
6.655000e+01 1.806327e+03 3.219682e+03
6.660000e+01 1.765415e+03 3.240962e+03
6.665000e+01 1.729542e+03 3.262381e+03
6.670000e+01 1.698412e+03 3.283943e+03
6.675000e+01 1.671755e+03 3.305647e+03
6.680000e+01 1.649327e+03 3.327494e+03
6.685000e+01 1.630913e+03 3.349486e+03
6.690000e+01 1.616331e+03 3.371623e+03
6.695000e+01 1.605426e+03 3.393906e+03
6.700000e+01 1.598072e+03 3.416336e+03
6.705000e+01 1.594171e+03 3.438914e+03
6.710000e+01 1.593652e+03 3.461641e+03
6.715000e+01 1.596468e+03 3.484518e+03
6.720000e+01 1.602597e+03 3.507546e+03
6.725000e+01 1.612038e+03 3.530725e+03
6.730000e+01 1.624817e+03 3.554058e+03
6.735000e+01 1.640976e+03 3.577545e+03
6.740000e+01 1.660583e+03 3.601186e+03
6.745000e+01 1.683721e+03 3.624983e+03
6.750000e+01 1.710497e+03 3.648937e+03
6.755000e+01 1.741030e+03 3.673049e+03
6.760000e+01 1.775459e+03 3.697320e+03
6.765000e+01 1.813930e+03 3.721751e+03
6.770000e+01 1.856602e+03 3.746343e+03
6.775000e+01 1.903632e+03 3.771098e+03
6.780000e+01 1.955174e+03 3.796015e+03
6.785000e+01 2.011362e+03 3.821097e+03
6.790000e+01 2.072301e+03 3.846345e+03
6.795000e+01 2.138040e+03 3.871759e+03
6.800000e+01 2.208554e+03 3.897341e+03
6.805000e+01 2.283707e+03 3.923092e+03
6.810000e+01 2.363218e+03 3.949013e+03
6.815000e+01 2.446611e+03 3.975105e+03
6.820000e+01 2.533168e+03 4.001369e+03
6.825000e+01 2.621883e+03 4.027807e+03
6.830000e+01 2.711421e+03 4.054420e+03
6.835000e+01 2.800097e+03 4.081209e+03
6.840000e+01 2.885889e+03 4.108175e+03
6.845000e+01 2.966505e+03 4.135319e+03
6.850000e+01 3.039506e+03 4.162643e+03
6.855000e+01 3.102483e+03 4.190147e+03
6.860000e+01 3.153290e+03 4.217834e+03
6.865000e+01 3.190271e+03 4.245703e+03
6.870000e+01 3.212464e+03 4.273758e+03
6.875000e+01 3.219707e+03 4.301997e+03
6.880000e+01 3.212651e+03 4.330424e+03
6.885000e+01 3.192649e+03 4.359039e+03
6.890000e+01 3.161580e+03 4.387843e+03
6.895000e+01 3.121623e+03 4.416838e+03
6.900000e+01 3.075047e+03 4.446025e+03
6.905000e+01 3.024038e+03 4.475405e+03
6.910000e+01 2.970577e+03 4.504980e+03
6.915000e+01 2.916372e+03 4.534750e+03
6.920000e+01 2.862836e+03 4.564717e+03
6.925000e+01 2.811099e+03 4.594883e+03
6.930000e+01 2.762035e+03 4.625248e+03
6.935000e+01 2.716295e+03 4.655813e+03
6.940000e+01 2.674355e+03 4.686582e+03
6.945000e+01 2.636550e+03 4.717553e+03
6.950000e+01 2.603106e+03 4.748729e+03
6.955000e+01 2.574172e+03 4.780111e+03
6.960000e+01 2.549840e+03 4.811701e+03
6.965000e+01 2.530169e+03 4.843500e+03
6.970000e+01 2.515195e+03 4.875508e+03
6.975000e+01 2.504945e+03 4.907728e+03
6.980000e+01 2.499447e+03 4.940161e+03
6.985000e+01 2.498734e+03 4.972808e+03
6.990000e+01 2.502852e+03 5.005670e+03
6.995000e+01 2.511865e+03 5.038749e+03
7.000000e+01 2.525856e+03 5.072047e+03
7.005000e+01 2.544931e+03 5.105564e+03
7.010000e+01 2.569218e+03 5.139303e+03
7.015000e+01 2.598875e+03 5.173264e+03
7.020000e+01 2.634083e+03 5.207449e+03
7.025000e+01 2.675049e+03 5.241860e+03
7.030000e+01 2.722009e+03 5.276498e+03
7.035000e+01 2.775216e+03 5.311364e+03
7.040000e+01 2.834946e+03 5.346460e+03
7.045000e+01 2.901483e+03 5.381788e+03
7.050000e+01 2.975114e+03 5.417349e+03
7.055000e+01 3.056111e+03 5.453145e+03
7.060000e+01 3.144712e+03 5.489176e+03
7.065000e+01 3.241090e+03 5.525446e+03
7.070000e+01 3.345311e+03 5.561955e+03
7.075000e+01 3.457290e+03 5.598705e+03
7.080000e+01 3.576714e+03 5.635697e+03
7.085000e+01 3.702968e+03 5.672934e+03
7.090000e+01 3.835037e+03 5.710417e+03
7.095000e+01 3.971404e+03 5.748147e+03
7.100000e+01 4.109949e+03 5.786126e+03
7.105000e+01 4.247878e+03 5.824357e+03
7.110000e+01 4.381705e+03 5.862840e+03
7.115000e+01 4.507327e+03 5.901577e+03
7.120000e+01 4.620223e+03 5.940570e+03
7.125000e+01 4.715799e+03 5.979821e+03
7.130000e+01 4.789846e+03 6.019332e+03
7.135000e+01 4.839052e+03 6.059104e+03
7.140000e+01 4.861459e+03 6.099139e+03
7.145000e+01 4.856743e+03 6.139438e+03
7.150000e+01 4.826240e+03 6.180004e+03
7.155000e+01 4.772719e+03 6.220839e+03
7.160000e+01 4.699970e+03 6.261943e+03
7.165000e+01 4.612302e+03 6.303320e+03
7.170000e+01 4.514093e+03 6.344970e+03
7.175000e+01 4.409424e+03 6.386896e+03
7.180000e+01 4.301861e+03 6.429099e+03
7.185000e+01 4.194354e+03 6.471582e+03
7.190000e+01 4.089226e+03 6.514345e+03
7.195000e+01 3.988225e+03 6.557391e+03
7.200000e+01 3.892613e+03 6.600723e+03
7.205000e+01 3.803247e+03 6.644340e+03
7.210000e+01 3.720675e+03 6.688246e+03
7.215000e+01 3.645212e+03 6.732443e+03
7.220000e+01 3.577001e+03 6.776932e+03
7.225000e+01 3.516071e+03 6.821715e+03
7.230000e+01 3.462372e+03 6.866794e+03
7.235000e+01 3.415810e+03 6.912171e+03
7.240000e+01 3.376268e+03 6.957848e+03
7.245000e+01 3.343626e+03 7.003826e+03
7.250000e+01 3.317771e+03 7.050109e+03
7.255000e+01 3.298610e+03 7.096698e+03
7.260000e+01 3.286072e+03 7.143594e+03
7.265000e+01 3.280120e+03 7.190800e+03
7.270000e+01 3.280750e+03 7.238317e+03
7.275000e+01 3.287998e+03 7.286149e+03
7.280000e+01 3.301942e+03 7.334296e+03
7.285000e+01 3.322704e+03 7.382761e+03
7.290000e+01 3.350455e+03 7.431547e+03
7.295000e+01 3.385419e+03 7.480654e+03
7.300000e+01 3.427876e+03 7.530085e+03
7.305000e+01 3.478164e+03 7.579843e+03
7.310000e+01 3.536688e+03 7.629929e+03
7.315000e+01 3.603925e+03 7.680346e+03
7.320000e+01 3.680425e+03 7.731095e+03
7.325000e+01 3.766821e+03 7.782179e+03
7.330000e+01 3.863836e+03 7.833601e+03
7.335000e+01 3.972285e+03 7.885362e+03
7.340000e+01 4.093078e+03 7.937464e+03
7.345000e+01 4.227229e+03 7.989911e+03
7.350000e+01 4.375842e+03 8.042704e+03
7.355000e+01 4.540108e+03 8.095845e+03
7.360000e+01 4.721276e+03 8.149337e+03
7.365000e+01 4.920616e+03 8.203183e+03
7.370000e+01 5.139341e+03 8.257383e+03
7.375000e+01 5.378503e+03 8.311942e+03
7.380000e+01 5.638821e+03 8.366862e+03
7.385000e+01 5.920434e+03 8.422144e+03
7.390000e+01 6.222561e+03 8.477791e+03
7.395000e+01 6.543047e+03 8.533806e+03
7.400000e+01 6.877804e+03 8.590191e+03
7.405000e+01 7.220219e+03 8.646948e+03
7.410000e+01 7.560628e+03 8.704081e+03
7.415000e+01 7.886131e+03 8.761592e+03
7.420000e+01 8.181038e+03 8.819482e+03
7.425000e+01 8.428248e+03 8.877756e+03
7.430000e+01 8.611611e+03 8.936414e+03
7.435000e+01 8.718853e+03 8.995461e+03
7.440000e+01 8.744158e+03 9.054898e+03
7.445000e+01 8.689408e+03 9.114727e+03
7.450000e+01 8.563572e+03 9.174953e+03
7.455000e+01 8.380530e+03 9.235577e+03
7.460000e+01 8.156265e+03 9.296602e+03
7.465000e+01 7.906355e+03 9.358030e+03
7.470000e+01 7.644320e+03 9.419865e+03
7.475000e+01 7.380872e+03 9.482108e+03
7.480000e+01 7.123877e+03 9.544764e+03
7.485000e+01 6.878693e+03 9.607833e+03
7.490000e+01 6.648682e+03 9.671320e+03
7.495000e+01 6.435710e+03 9.735226e+03
7.500000e+01 6.240591e+03 9.799555e+03
7.505000e+01 6.063430e+03 9.864309e+03
7.510000e+01 5.903880e+03 9.929492e+03
7.515000e+01 5.761333e+03 9.995105e+03
7.520000e+01 5.635041e+03 1.006115e+04
7.525000e+01 5.524206e+03 1.012763e+04
7.530000e+01 5.497229e+03 1.032451e+04
7.535000e+01 5.545102e+03 1.064455e+04
7.540000e+01 5.658515e+03 1.107708e+04
7.545000e+01 5.828579e+03 1.160954e+04
7.550000e+01 6.047393e+03 1.222888e+04
7.555000e+01 6.308350e+03 1.292262e+04
7.560000e+01 6.606230e+03 1.367945e+04
7.565000e+01 6.937145e+03 1.448947e+04
7.570000e+01 7.298398e+03 1.534429e+04
7.575000e+01 7.688315e+03 1.623681e+04
7.580000e+01 8.106087e+03 1.716116e+04
7.585000e+01 8.551625e+03 1.811246e+04
7.590000e+01 9.025440e+03 1.908670e+04
7.595000e+01 9.528546e+03 2.008052e+04
7.600000e+01 1.006238e+04 2.109117e+04
7.605000e+01 1.062876e+04 2.211633e+04
7.610000e+01 1.122978e+04 2.315408e+04
7.615000e+01 1.186781e+04 2.420279e+04
7.620000e+01 1.254543e+04 2.526111e+04
7.625000e+01 1.326535e+04 2.632787e+04
7.630000e+01 1.403034e+04 2.740208e+04
7.635000e+01 1.484316e+04 2.848291e+04
7.640000e+01 1.570639e+04 2.956962e+04
7.645000e+01 1.662230e+04 3.066160e+04
7.650000e+01 1.759262e+04 3.175829e+04
7.655000e+01 1.861826e+04 3.285922e+04
7.660000e+01 1.969897e+04 3.396398e+04
7.665000e+01 2.083297e+04 3.507221e+04
7.670000e+01 2.201647e+04 3.618359e+04
7.675000e+01 2.324317e+04 3.729783e+04
7.680000e+01 2.450387e+04 3.841468e+04
7.685000e+01 2.578603e+04 3.953394e+04
7.690000e+01 2.707367e+04 4.065538e+04
7.695000e+01 2.834751e+04 4.177884e+04
7.700000e+01 2.958561e+04 4.290417e+04
7.705000e+01 3.076444e+04 4.403121e+04
7.710000e+01 3.186048e+04 4.515983e+04
7.715000e+01 3.285212e+04 4.628993e+04
7.720000e+01 3.372164e+04 4.742139e+04
7.725000e+01 3.445686e+04 4.855413e+04
7.730000e+01 3.505221e+04 4.968805e+04
7.735000e+01 3.550901e+04 5.082307e+04
7.740000e+01 3.583488e+04 5.195913e+04
7.745000e+01 3.604261e+04 5.309616e+04
7.750000e+01 3.614856e+04 5.423409e+04
7.755000e+01 3.617104e+04 5.537287e+04
7.760000e+01 3.612889e+04 5.651246e+04
7.765000e+01 3.604035e+04 5.765280e+04
7.770000e+01 3.592223e+04 5.879385e+04
7.775000e+01 3.578955e+04 5.993557e+04
7.780000e+01 3.565531e+04 6.107793e+04
7.785000e+01 3.553059e+04 6.222089e+04
7.790000e+01 3.542462e+04 6.336441e+04
7.795000e+01 3.534512e+04 6.450848e+04
7.800000e+01 3.529846e+04 6.565305e+04
7.805000e+01 3.528994e+04 6.679811e+04
7.810000e+01 3.532405e+04 6.794364e+04
7.815000e+01 3.540465e+04 6.908960e+04
7.820000e+01 3.553518e+04 7.023598e+04
7.825000e+01 3.571880e+04 7.138276e+04
7.830000e+01 3.595855e+04 7.252992e+04
7.835000e+01 3.625745e+04 7.367744e+04
7.840000e+01 3.661860e+04 7.482531e+04
7.845000e+01 3.704531e+04 7.597351e+04
7.850000e+01 3.754113e+04 7.712203e+04
7.855000e+01 3.810996e+04 7.827084e+04
7.860000e+01 3.875609e+04 7.941995e+04
7.865000e+01 3.948432e+04 8.056933e+04
7.870000e+01 4.029996e+04 8.171897e+04
7.875000e+01 4.120894e+04 8.286886e+04
7.880000e+01 4.221785e+04 8.401900e+04
7.885000e+01 4.333400e+04 8.516937e+04
7.890000e+01 4.456546e+04 8.631996e+04
7.895000e+01 4.592106e+04 8.747076e+04
7.900000e+01 4.741045e+04 8.862176e+04
7.905000e+01 4.904398e+04 8.977296e+04
7.910000e+01 5.083264e+04 9.092434e+04
7.915000e+01 5.278779e+04 9.207590e+04
7.920000e+01 5.492085e+04 9.322763e+04
7.925000e+01 5.724272e+04 9.437952e+04
7.930000e+01 5.976286e+04 9.553158e+04
7.935000e+01 6.248809e+04 9.668378e+04
7.940000e+01 6.542077e+04 9.783613e+04
7.945000e+01 6.855638e+04 9.898862e+04
7.950000e+01 7.188038e+04 1.001412e+05
7.955000e+01 7.536433e+04 1.012940e+05
7.960000e+01 7.896156e+04 1.024469e+05
7.965000e+01 8.260307e+04 1.035999e+05
7.970000e+01 8.619462e+04 1.047530e+05
7.975000e+01 8.961697e+04 1.059062e+05
7.980000e+01 9.273106e+04 1.070595e+05
7.985000e+01 9.538970e+04 1.082130e+05
7.990000e+01 9.745541e+04 1.093665e+05
7.995000e+01 9.882136e+04 1.105201e+05
8.000000e+01 9.943001e+04 1.116739e+05
8.005000e+01 9.928311e+04 1.128277e+05
8.010000e+01 9.843990e+04 1.139816e+05
8.015000e+01 9.700418e+04 1.151356e+05
8.020000e+01 9.510530e+04 1.162897e+05
8.025000e+01 9.287881e+04 1.174439e+05
8.030000e+01 9.045131e+04 1.185981e+05
8.035000e+01 8.793134e+04 1.197525e+05
8.040000e+01 8.540562e+04 1.209069e+05
8.045000e+01 8.293942e+04 1.220614e+05
8.050000e+01 8.057911e+04 1.232160e+05
8.055000e+01 7.835562e+04 1.243706e+05
8.060000e+01 7.628797e+04 1.255254e+05
8.065000e+01 7.438643e+04 1.266802e+05
8.070000e+01 7.265508e+04 1.278350e+05
8.075000e+01 7.109380e+04 1.289900e+05
8.080000e+01 6.969982e+04 1.301450e+05
8.085000e+01 6.846880e+04 1.313001e+05
8.090000e+01 6.739561e+04 1.324552e+05
8.095000e+01 6.647489e+04 1.336104e+05
8.100000e+01 6.570144e+04 1.347657e+05
8.105000e+01 6.507045e+04 1.359210e+05
8.110000e+01 6.457770e+04 1.370764e+05
8.115000e+01 6.421962e+04 1.382319e+05
8.120000e+01 6.399344e+04 1.393874e+05
8.125000e+01 6.389716e+04 1.405430e+05
8.130000e+01 6.392963e+04 1.416986e+05
8.135000e+01 6.409054e+04 1.428543e+05
8.140000e+01 6.438049e+04 1.440100e+05
8.145000e+01 6.480096e+04 1.451658e+05
8.150000e+01 6.535437e+04 1.463216e+05
8.155000e+01 6.604411e+04 1.474775e+05
8.160000e+01 6.687455e+04 1.486334e+05
8.165000e+01 6.785112e+04 1.497894e+05
8.170000e+01 6.898033e+04 1.509454e+05
8.175000e+01 7.026982e+04 1.521014e+05
8.180000e+01 7.172843e+04 1.532575e+05
8.185000e+01 7.336622e+04 1.544136e+05
8.190000e+01 7.519449e+04 1.555697e+05
8.195000e+01 7.722580e+04 1.567259e+05
8.200000e+01 7.947393e+04 1.578821e+05
8.205000e+01 8.195374e+04 1.590384e+05
8.210000e+01 8.468095e+04 1.601946e+05
8.215000e+01 8.767176e+04 1.613509e+05
8.220000e+01 9.094226e+04 1.625072e+05
8.225000e+01 9.450747e+04 1.636636e+05
8.230000e+01 9.837993e+04 1.648200e+05
8.235000e+01 1.025678e+05 1.659763e+05
8.240000e+01 1.070720e+05 1.671328e+05
8.245000e+01 1.118827e+05 1.682892e+05
8.250000e+01 1.169746e+05 1.694457e+05
8.255000e+01 1.223010e+05 1.706022e+05
8.260000e+01 1.277883e+05 1.717587e+05
8.265000e+01 1.333296e+05 1.729152e+05
8.270000e+01 1.387812e+05 1.740717e+05
8.275000e+01 1.439639e+05 1.752283e+05
8.280000e+01 1.486702e+05 1.763849e+05
8.285000e+01 1.526821e+05 1.775415e+05
8.290000e+01 1.557962e+05 1.786981e+05
8.295000e+01 1.578540e+05 1.798548e+05
8.300000e+01 1.587684e+05 1.810115e+05
8.305000e+01 1.585381e+05 1.821682e+05
8.310000e+01 1.572468e+05 1.833249e+05
8.315000e+01 1.550449e+05 1.844816e+05
8.320000e+01 1.521231e+05 1.856384e+05
8.325000e+01 1.486842e+05 1.867952e+05
8.330000e+01 1.449207e+05 1.879520e+05
8.335000e+01 1.409996e+05 1.891089e+05
8.340000e+01 1.370569e+05 1.902657e+05
8.345000e+01 1.331962e+05 1.914226e+05
8.350000e+01 1.294927e+05 1.925795e+05
8.355000e+01 1.259976e+05 1.937365e+05
8.360000e+01 1.227434e+05 1.948934e+05
8.365000e+01 1.197485e+05 1.960504e+05
8.370000e+01 1.170213e+05 1.972074e+05
8.375000e+01 1.145632e+05 1.983645e+05
8.380000e+01 1.123712e+05 1.995215e+05
8.385000e+01 1.104395e+05 2.006786e+05
8.390000e+01 1.087607e+05 2.018357e+05
8.395000e+01 1.073270e+05 2.029929e+05
8.400000e+01 1.061304e+05 2.041500e+05
8.405000e+01 1.051637e+05 2.053072e+05
8.410000e+01 1.044202e+05 2.064644e+05
8.415000e+01 1.038941e+05 2.076216e+05
8.420000e+01 1.035808e+05 2.087788e+05
8.425000e+01 1.034768e+05 2.099361e+05
8.430000e+01 1.035795e+05 2.110934e+05
8.435000e+01 1.038875e+05 2.122507e+05
8.440000e+01 1.044005e+05 2.134080e+05
8.445000e+01 1.051192e+05 2.145653e+05
8.450000e+01 1.060451e+05 2.157226e+05
8.455000e+01 1.071808e+05 2.168799e+05
8.460000e+01 1.085293e+05 2.180373e+05
8.465000e+01 1.100946e+05 2.191946e+05
8.470000e+01 1.118806e+05 2.203520e+05
8.475000e+01 1.138916e+05 2.215094e+05
8.480000e+01 1.161313e+05 2.226668e+05
8.485000e+01 1.186027e+05 2.238242e+05
8.490000e+01 1.213073e+05 2.249816e+05
8.495000e+01 1.242444e+05 2.261390e+05
8.500000e+01 1.274099e+05 2.272964e+05
8.505000e+01 1.307951e+05 2.284538e+05
8.510000e+01 1.343853e+05 2.296112e+05
8.515000e+01 1.381579e+05 2.307686e+05
8.520000e+01 1.420808e+05 2.319261e+05
8.525000e+01 1.461103e+05 2.330835e+05
8.530000e+01 1.501896e+05 2.342410e+05
8.535000e+01 1.542477e+05 2.353984e+05
8.540000e+01 1.581999e+05 2.365558e+05
8.545000e+01 1.619488e+05 2.377133e+05
8.550000e+01 1.653886e+05 2.388708e+05
8.555000e+01 1.684110e+05 2.400282e+05
8.560000e+01 1.709130e+05 2.411857e+05
8.565000e+01 1.728063e+05 2.423432e+05
8.570000e+01 1.740264e+05 2.435007e+05
8.575000e+01 1.745394e+05 2.446582e+05
8.580000e+01 1.743459e+05 2.458157e+05
8.585000e+01 1.734807e+05 2.469732e+05
8.590000e+01 1.720081e+05 2.481307e+05
8.595000e+01 1.700145e+05 2.492882e+05
8.600000e+01 1.675996e+05 2.504458e+05
8.605000e+01 1.648676e+05 2.516033e+05
8.610000e+01 1.619197e+05 2.527609e+05
8.615000e+01 1.588491e+05 2.539185e+05
8.620000e+01 1.557373e+05 2.550761e+05
8.625000e+01 1.526532e+05 2.562337e+05
8.630000e+01 1.496527e+05 2.573913e+05
8.635000e+01 1.467800e+05 2.585490e+05
8.640000e+01 1.440689e+05 2.597066e+05
8.645000e+01 1.415444e+05 2.608643e+05
8.650000e+01 1.392245e+05 2.620220e+05
8.655000e+01 1.371217e+05 2.631797e+05
8.660000e+01 1.352443e+05 2.643374e+05
8.665000e+01 1.335978e+05 2.654951e+05
8.670000e+01 1.321854e+05 2.666529e+05
8.675000e+01 1.310091e+05 2.678106e+05
8.680000e+01 1.300702e+05 2.689684e+05
8.685000e+01 1.293700e+05 2.701261e+05
8.690000e+01 1.289100e+05 2.712839e+05
8.695000e+01 1.286920e+05 2.724417e+05
8.700000e+01 1.287191e+05 2.735995e+05
8.705000e+01 1.289951e+05 2.747573e+05
8.710000e+01 1.295254e+05 2.759152e+05
8.715000e+01 1.303167e+05 2.770730e+05
8.720000e+01 1.313775e+05 2.782308e+05
8.725000e+01 1.327180e+05 2.793887e+05
8.730000e+01 1.343506e+05 2.805465e+05
8.735000e+01 1.362900e+05 2.817044e+05
8.740000e+01 1.385531e+05 2.828622e+05
8.745000e+01 1.411598e+05 2.840201e+05
8.750000e+01 1.441326e+05 2.851779e+05
8.755000e+01 1.474973e+05 2.863358e+05
8.760000e+01 1.512826e+05 2.874936e+05
8.765000e+01 1.555208e+05 2.886515e+05
8.770000e+01 1.602471e+05 2.898093e+05
8.775000e+01 1.654998e+05 2.909672e+05
8.780000e+01 1.713192e+05 2.921250e+05
8.785000e+01 1.777466e+05 2.932829e+05
8.790000e+01 1.848220e+05 2.944407e+05
8.795000e+01 1.925808e+05 2.955986e+05
8.800000e+01 2.010484e+05 2.967564e+05
8.805000e+01 2.102330e+05 2.979143e+05
8.810000e+01 2.201140e+05 2.990721e+05
8.815000e+01 2.306278e+05 3.002300e+05
8.820000e+01 2.416489e+05 3.013878e+05
8.825000e+01 2.529692e+05 3.025457e+05
8.830000e+01 2.642774e+05 3.037035e+05
8.835000e+01 2.751477e+05 3.048614e+05
8.840000e+01 2.850470e+05 3.060192e+05
8.845000e+01 2.933740e+05 3.071771e+05
8.850000e+01 2.995348e+05 3.083350e+05
8.855000e+01 3.030459e+05 3.094928e+05
8.860000e+01 3.036374e+05 3.106507e+05
8.865000e+01 3.013155e+05 3.118086e+05
8.870000e+01 2.963585e+05 3.129665e+05
8.875000e+01 2.892484e+05 3.141243e+05
8.880000e+01 2.805674e+05 3.152822e+05
8.885000e+01 2.708990e+05 3.164401e+05
8.890000e+01 2.607575e+05 3.175981e+05
8.895000e+01 2.505534e+05 3.187560e+05
8.900000e+01 2.405884e+05 3.199139e+05
8.905000e+01 2.310667e+05 3.210719e+05
8.910000e+01 2.221142e+05 3.222298e+05
8.915000e+01 2.137989e+05 3.233878e+05
8.920000e+01 2.061474e+05 3.245458e+05
8.925000e+01 1.991590e+05 3.257038e+05
8.930000e+01 1.928159e+05 3.268618e+05
8.935000e+01 1.870907e+05 3.280198e+05
8.940000e+01 1.819505e+05 3.291778e+05
8.945000e+01 1.773612e+05 3.303358e+05
8.950000e+01 1.732891e+05 3.314939e+05
8.955000e+01 1.697019e+05 3.326519e+05
8.960000e+01 1.665703e+05 3.338100e+05
8.965000e+01 1.638675e+05 3.349680e+05
8.970000e+01 1.615699e+05 3.361261e+05
8.975000e+01 1.596568e+05 3.372842e+05
8.980000e+01 1.581108e+05 3.384422e+05
8.985000e+01 1.569171e+05 3.396003e+05
8.990000e+01 1.560637e+05 3.407584e+05
8.995000e+01 1.555415e+05 3.419165e+05
9.000000e+01 1.553437e+05 3.430746e+05
9.005000e+01 1.554658e+05 3.442327e+05
9.010000e+01 1.559060e+05 3.453908e+05
9.015000e+01 1.566643e+05 3.465489e+05
9.020000e+01 1.577433e+05 3.477070e+05
9.025000e+01 1.591475e+05 3.488651e+05
9.030000e+01 1.608833e+05 3.500232e+05
9.035000e+01 1.629592e+05 3.511813e+05
9.040000e+01 1.653857e+05 3.523393e+05
9.045000e+01 1.681747e+05 3.534974e+05
9.050000e+01 1.713399e+05 3.546555e+05
9.055000e+01 1.748961e+05 3.558136e+05
9.060000e+01 1.788588e+05 3.569717e+05
9.065000e+01 1.832437e+05 3.581297e+05
9.070000e+01 1.880658e+05 3.592878e+05
9.075000e+01 1.933382e+05 3.604458e+05
9.080000e+01 1.990705e+05 3.616039e+05
9.085000e+01 2.052662e+05 3.627620e+05
9.090000e+01 2.119205e+05 3.639200e+05
9.095000e+01 2.190160e+05 3.650781e+05
9.100000e+01 2.265186e+05 3.662361e+05
9.105000e+01 2.343721e+05 3.673942e+05
9.110000e+01 2.424928e+05 3.685522e+05
9.115000e+01 2.507633e+05 3.697103e+05
9.120000e+01 2.590290e+05 3.708683e+05
9.125000e+01 2.670959e+05 3.720264e+05
9.130000e+01 2.747339e+05 3.731844e+05
9.135000e+01 2.816865e+05 3.743425e+05
9.140000e+01 2.876882e+05 3.755006e+05
9.145000e+01 2.924885e+05 3.766586e+05
9.150000e+01 2.958802e+05 3.778167e+05
9.155000e+01 2.977261e+05 3.789748e+05
9.160000e+01 2.979781e+05 3.801329e+05
9.165000e+01 2.966831e+05 3.812910e+05
9.170000e+01 2.939749e+05 3.824491e+05
9.175000e+01 2.900539e+05 3.836072e+05
9.180000e+01 2.851606e+05 3.847653e+05
9.185000e+01 2.795491e+05 3.859234e+05
9.190000e+01 2.734641e+05 3.870816e+05
9.195000e+01 2.671259e+05 3.882397e+05
9.200000e+01 2.607213e+05 3.893979e+05
9.205000e+01 2.544018e+05 3.905561e+05
9.210000e+01 2.482846e+05 3.917142e+05
9.215000e+01 2.424567e+05 3.928724e+05
9.220000e+01 2.369797e+05 3.940306e+05
9.225000e+01 2.318951e+05 3.951888e+05
9.230000e+01 2.272286e+05 3.963470e+05
9.235000e+01 2.229945e+05 3.975052e+05
9.240000e+01 2.191987e+05 3.986634e+05
9.245000e+01 2.158415e+05 3.998217e+05
9.250000e+01 2.129194e+05 4.009799e+05
9.255000e+01 2.104271e+05 4.021381e+05
9.260000e+01 2.083583e+05 4.032963e+05
9.265000e+01 2.067065e+05 4.044546e+05
9.270000e+01 2.054660e+05 4.056128e+05
9.275000e+01 2.046320e+05 4.067711e+05
9.280000e+01 2.042011e+05 4.079293e+05
9.285000e+01 2.041717e+05 4.090875e+05
9.290000e+01 2.045434e+05 4.102458e+05
9.295000e+01 2.053182e+05 4.114040e+05
9.300000e+01 2.064995e+05 4.125622e+05
9.305000e+01 2.080925e+05 4.137204e+05
9.310000e+01 2.101044e+05 4.148787e+05
9.315000e+01 2.125436e+05 4.160369e+05
9.320000e+01 2.154198e+05 4.171951e+05
9.325000e+01 2.187437e+05 4.183533e+05
9.330000e+01 2.225264e+05 4.195115e+05
9.335000e+01 2.267784e+05 4.206697e+05
9.340000e+01 2.315088e+05 4.218279e+05
9.345000e+01 2.367240e+05 4.229861e+05
9.350000e+01 2.424257e+05 4.241443e+05
9.355000e+01 2.486085e+05 4.253024e+05
9.360000e+01 2.552572e+05 4.264606e+05
9.365000e+01 2.623428e+05 4.276188e+05
9.370000e+01 2.698182e+05 4.287770e+05
9.375000e+01 2.776132e+05 4.299351e+05
9.380000e+01 2.856296e+05 4.310933e+05
9.385000e+01 2.937362e+05 4.322515e+05
9.390000e+01 3.017656e+05 4.334096e+05
9.395000e+01 3.095142e+05 4.345678e+05
9.400000e+01 3.167457e+05 4.357260e+05
9.405000e+01 3.232023e+05 4.368841e+05
9.410000e+01 3.286212e+05 4.380423e+05
9.415000e+01 3.327577e+05 4.392005e+05
9.420000e+01 3.354120e+05 4.403587e+05
9.425000e+01 3.364533e+05 4.415168e+05
9.430000e+01 3.358374e+05 4.426750e+05
9.435000e+01 3.336130e+05 4.438332e+05
9.440000e+01 3.299140e+05 4.449914e+05
9.445000e+01 3.249418e+05 4.461497e+05
9.450000e+01 3.189401e+05 4.473079e+05
9.455000e+01 3.121690e+05 4.484661e+05
9.460000e+01 3.048826e+05 4.496243e+05
9.465000e+01 2.973127e+05 4.507826e+05
9.470000e+01 2.896594e+05 4.519408e+05
9.475000e+01 2.820866e+05 4.530991e+05
9.480000e+01 2.747233e+05 4.542574e+05
9.485000e+01 2.676665e+05 4.554156e+05
9.490000e+01 2.609859e+05 4.565739e+05
9.495000e+01 2.547291e+05 4.577322e+05
9.500000e+01 2.489260e+05 4.588905e+05
9.505000e+01 2.435935e+05 4.600488e+05
9.510000e+01 2.387387e+05 4.612071e+05
9.515000e+01 2.343620e+05 4.623654e+05
9.520000e+01 2.304595e+05 4.635237e+05
9.525000e+01 2.270245e+05 4.646821e+05
9.530000e+01 2.240490e+05 4.658404e+05
9.535000e+01 2.215249e+05 4.669987e+05
9.540000e+01 2.194445e+05 4.681570e+05
9.545000e+01 2.178014e+05 4.693154e+05
9.550000e+01 2.165907e+05 4.704737e+05
9.555000e+01 2.158094e+05 4.716320e+05
9.560000e+01 2.154567e+05 4.727903e+05
9.565000e+01 2.155343e+05 4.739486e+05
9.570000e+01 2.160466e+05 4.751070e+05
9.575000e+01 2.170010e+05 4.762653e+05
9.580000e+01 2.184078e+05 4.774236e+05
9.585000e+01 2.202807e+05 4.785819e+05
9.590000e+01 2.226373e+05 4.797402e+05
9.595000e+01 2.254986e+05 4.808985e+05
9.600000e+01 2.288903e+05 4.820567e+05
9.605000e+01 2.328422e+05 4.832150e+05
9.610000e+01 2.373894e+05 4.843733e+05
9.615000e+01 2.425718e+05 4.855316e+05
9.620000e+01 2.484350e+05 4.866898e+05
9.625000e+01 2.550305e+05 4.878481e+05
9.630000e+01 2.624153e+05 4.890063e+05
9.635000e+01 2.706522e+05 4.901646e+05
9.640000e+01 2.798087e+05 4.913228e+05
9.645000e+01 2.899556e+05 4.924811e+05
9.650000e+01 3.011647e+05 4.936393e+05
9.655000e+01 3.135037e+05 4.947976e+05
9.660000e+01 3.270300e+05 4.959558e+05
9.665000e+01 3.417792e+05 4.971141e+05
9.670000e+01 3.577502e+05 4.982723e+05
9.675000e+01 3.748827e+05 4.994305e+05
9.680000e+01 3.930284e+05 5.005888e+05
9.685000e+01 4.119151e+05 5.017470e+05
9.690000e+01 4.311080e+05 5.029053e+05
9.695000e+01 4.499773e+05 5.040635e+05
9.700000e+01 4.676895e+05 5.052218e+05
9.705000e+01 4.832425e+05 5.063800e+05
9.710000e+01 4.955662e+05 5.075383e+05
9.715000e+01 5.036874e+05 5.086966e+05
9.720000e+01 5.069252e+05 5.098549e+05
9.725000e+01 5.050500e+05 5.110132e+05
9.730000e+01 4.983387e+05 5.121715e+05
9.735000e+01 4.875003e+05 5.133298e+05
9.740000e+01 4.735086e+05 5.144881e+05
9.745000e+01 4.574101e+05 5.156464e+05
9.750000e+01 4.401707e+05 5.168047e+05
9.755000e+01 4.225872e+05 5.179631e+05
9.760000e+01 4.052592e+05 5.191214e+05
9.765000e+01 3.886018e+05 5.202797e+05
9.770000e+01 3.728772e+05 5.214381e+05
9.775000e+01 3.582319e+05 5.225965e+05
9.780000e+01 3.447301e+05 5.237548e+05
9.785000e+01 3.323802e+05 5.249132e+05
9.790000e+01 3.211559e+05 5.260716e+05
9.795000e+01 3.110101e+05 5.272299e+05
9.800000e+01 3.018854e+05 5.283883e+05
9.805000e+01 2.937200e+05 5.295467e+05
9.810000e+01 2.864525e+05 5.307051e+05
9.815000e+01 2.800244e+05 5.318635e+05
9.820000e+01 2.743810e+05 5.330219e+05
9.825000e+01 2.694730e+05 5.341802e+05
9.830000e+01 2.652563e+05 5.353386e+05
9.835000e+01 2.616919e+05 5.364970e+05
9.840000e+01 2.587463e+05 5.376554e+05
9.845000e+01 2.563908e+05 5.388137e+05
9.850000e+01 2.546014e+05 5.399721e+05
9.855000e+01 2.533585e+05 5.411304e+05
9.860000e+01 2.526466e+05 5.422888e+05
9.865000e+01 2.524541e+05 5.434472e+05
9.870000e+01 2.527730e+05 5.446055e+05
9.875000e+01 2.535986e+05 5.457638e+05
9.880000e+01 2.549292e+05 5.469222e+05
9.885000e+01 2.567661e+05 5.480805e+05
9.890000e+01 2.591131e+05 5.492388e+05
9.895000e+01 2.619762e+05 5.503971e+05
9.900000e+01 2.653631e+05 5.515554e+05
9.905000e+01 2.692830e+05 5.527137e+05
9.910000e+01 2.737458e+05 5.538720e+05
9.915000e+01 2.787609e+05 5.550303e+05
9.920000e+01 2.843369e+05 5.561886e+05
9.925000e+01 2.904793e+05 5.573469e+05
9.930000e+01 2.971894e+05 5.585052e+05
9.935000e+01 3.044615e+05 5.596635e+05
9.940000e+01 3.122802e+05 5.608218e+05
9.945000e+01 3.206170e+05 5.619801e+05
9.950000e+01 3.294260e+05 5.631384e+05
9.955000e+01 3.386393e+05 5.642966e+05
9.960000e+01 3.481623e+05 5.654549e+05
9.965000e+01 3.578689e+05 5.666132e+05
9.970000e+01 3.675982e+05 5.677715e+05
9.975000e+01 3.771531e+05 5.689298e+05
9.980000e+01 3.863024e+05 5.700882e+05
9.985000e+01 3.947880e+05 5.712465e+05
9.990000e+01 4.023380e+05 5.724048e+05
9.995000e+01 4.086849e+05 5.735631e+05
1.000000e+02 4.135891e+05 5.747215e+05
