0 0 0
5.000000e-02 1.584358e-03 2.245046e-03
1.000000e-01 3.143547e-03 4.480551e-03
1.500000e-01 4.660920e-03 6.706784e-03
2.000000e-01 6.122600e-03 8.924002e-03
2.500000e-01 7.518252e-03 1.113244e-02
3.000000e-01 8.841378e-03 1.333230e-02
3.500000e-01 1.008919e-02 1.552376e-02
4.000000e-01 1.126217e-02 1.770695e-02
4.500000e-01 1.236344e-02 1.988196e-02
5.000000e-01 1.339810e-02 2.204880e-02
5.500000e-01 1.437260e-02 2.420748e-02
6.000000e-01 1.529418e-02 2.635791e-02
6.500000e-01 1.617047e-02 2.849997e-02
7.000000e-01 1.700916e-02 3.063347e-02
7.500000e-01 1.781779e-02 3.275816e-02
8.000000e-01 1.860365e-02 3.487377e-02
8.500000e-01 1.937369e-02 3.697994e-02
9.000000e-01 2.013452e-02 3.907630e-02
9.500000e-01 2.089244e-02 4.116242e-02
1.000000e+00 2.165346e-02 4.323787e-02
1.050000e+00 2.242335e-02 4.530215e-02
1.100000e+00 2.320775e-02 4.735480e-02
1.150000e+00 2.401216e-02 4.939532e-02
1.200000e+00 2.484209e-02 5.142323e-02
1.250000e+00 2.570308e-02 5.343806e-02
1.300000e+00 2.660083e-02 5.543936e-02
1.350000e+00 2.754120e-02 5.742672e-02
1.400000e+00 2.853036e-02 5.939979e-02
1.450000e+00 2.957484e-02 6.135826e-02
1.500000e+00 3.068162e-02 6.330188e-02
1.550000e+00 3.185821e-02 6.523051e-02
1.600000e+00 3.311277e-02 6.714404e-02
1.650000e+00 3.445417e-02 6.904250e-02
1.700000e+00 3.589210e-02 7.092599e-02
1.750000e+00 3.743717e-02 7.279471e-02
1.800000e+00 3.910096e-02 7.464898e-02
1.850000e+00 4.089612e-02 7.648922e-02
1.900000e+00 4.283636e-02 7.831597e-02
1.950000e+00 4.493645e-02 8.012985e-02
2.000000e+00 4.721204e-02 8.193163e-02
2.050000e+00 4.967945e-02 8.372214e-02
2.100000e+00 5.235511e-02 8.550233e-02
2.150000e+00 5.525477e-02 8.727323e-02
2.200000e+00 5.839218e-02 8.903595e-02
2.250000e+00 6.177721e-02 9.079168e-02
2.300000e+00 6.541300e-02 9.254165e-02
2.350000e+00 6.929224e-02 9.428714e-02
2.400000e+00 7.339218e-02 9.602946e-02
2.450000e+00 7.766876e-02 9.776991e-02
2.500000e+00 8.205040e-02 9.950983e-02
2.550000e+00 8.643285e-02 1.012505e-01
2.600000e+00 9.067750e-02 1.029931e-01
2.650000e+00 9.461625e-02 1.047390e-01
2.700000e+00 9.806543e-02 1.064891e-01
2.750000e+00 1.008491e-01 1.082445e-01
2.800000e+00 1.028276e-01 1.100062e-01
2.850000e+00 1.039239e-01 1.117748e-01
2.900000e+00 1.041372e-01 1.135511e-01
2.950000e+00 1.035403e-01 1.153355e-01
3.000000e+00 1.022611e-01 1.171283e-01
3.050000e+00 1.004566e-01 1.189297e-01
3.100000e+00 9.828826e-02 1.207397e-01
3.150000e+00 9.590311e-02 1.225580e-01
3.200000e+00 9.342394e-02 1.243843e-01
3.250000e+00 9.094628e-02 1.262180e-01
3.300000e+00 8.853995e-02 1.280583e-01
3.350000e+00 8.625305e-02 1.299043e-01
3.400000e+00 8.411651e-02 1.317549e-01
3.450000e+00 8.214842e-02 1.336087e-01
3.500000e+00 8.035772e-02 1.354645e-01
3.550000e+00 7.874709e-02 1.373206e-01
3.600000e+00 7.731508e-02 1.391754e-01
3.650000e+00 7.605774e-02 1.410271e-01
3.700000e+00 7.496975e-02 1.428739e-01
3.750000e+00 7.404518e-02 1.447139e-01
3.800000e+00 7.327808e-02 1.465450e-01
3.850000e+00 7.266275e-02 1.483654e-01
3.900000e+00 7.219407e-02 1.501731e-01
3.950000e+00 7.186759e-02 1.519661e-01
4.000000e+00 7.167965e-02 1.537425e-01
4.050000e+00 7.162741e-02 1.555004e-01
4.100000e+00 7.170893e-02 1.572381e-01
4.150000e+00 7.192316e-02 1.589540e-01
4.200000e+00 7.226998e-02 1.606464e-01
4.250000e+00 7.275018e-02 1.623139e-01
4.300000e+00 7.336551e-02 1.639554e-01
4.350000e+00 7.411870e-02 1.655698e-01
4.400000e+00 7.501346e-02 1.671561e-01
4.450000e+00 7.605452e-02 1.687137e-01
4.500000e+00 7.724767e-02 1.702420e-01
4.550000e+00 7.859978e-02 1.717408e-01
4.600000e+00 8.011883e-02 1.732101e-01
4.650000e+00 8.181394e-02 1.746499e-01
4.700000e+00 8.369535e-02 1.760607e-01
4.750000e+00 8.577443e-02 1.774430e-01
4.800000e+00 8.806360e-02 1.787977e-01
4.850000e+00 9.057619e-02 1.801258e-01
4.900000e+00 9.332625e-02 1.814286e-01
4.950000e+00 9.632817e-02 1.827074e-01
5.000000e+00 9.959612e-02 1.839639e-01
5.050000e+00 1.031433e-01 1.851999e-01
5.100000e+00 1.069805e-01 1.864172e-01
5.150000e+00 1.111151e-01 1.876179e-01
5.200000e+00 1.155481e-01 1.888041e-01
5.250000e+00 1.202716e-01 1.899780e-01
5.300000e+00 1.252653e-01 1.911420e-01
5.350000e+00 1.304917e-01 1.922984e-01
5.400000e+00 1.358913e-01 1.934494e-01
5.450000e+00 1.413783e-01 1.945974e-01
5.500000e+00 1.468365e-01 1.957447e-01
5.550000e+00 1.521189e-01 1.968933e-01
5.600000e+00 1.570514e-01 1.980455e-01
5.650000e+00 1.614435e-01 1.992032e-01
5.700000e+00 1.651049e-01 2.003682e-01
5.750000e+00 1.678688e-01 2.015422e-01
5.800000e+00 1.696148e-01 2.027266e-01
5.850000e+00 1.702880e-01 2.039227e-01
5.900000e+00 1.699068e-01 2.051315e-01
5.950000e+00 1.685586e-01 2.063540e-01
6.000000e+00 1.663837e-01 2.075906e-01
6.050000e+00 1.635536e-01 2.088418e-01
6.100000e+00 1.602489e-01 2.101076e-01
6.150000e+00 1.566414e-01 2.113879e-01
6.200000e+00 1.528822e-01 2.126824e-01
6.250000e+00 1.490961e-01 2.139904e-01
6.300000e+00 1.453810e-01 2.153113e-01
6.350000e+00 1.418097e-01 2.166440e-01
6.400000e+00 1.384340e-01 2.179873e-01
6.450000e+00 1.352882e-01 2.193399e-01
6.500000e+00 1.323937e-01 2.207004e-01
6.550000e+00 1.297621e-01 2.220672e-01
6.600000e+00 1.273980e-01 2.234386e-01
6.650000e+00 1.253013e-01 2.248129e-01
6.700000e+00 1.234687e-01 2.261883e-01
6.750000e+00 1.218953e-01 2.275631e-01
6.800000e+00 1.205753e-01 2.289356e-01
6.850000e+00 1.195027e-01 2.303040e-01
6.900000e+00 1.186718e-01 2.316666e-01
6.950000e+00 1.180775e-01 2.330221e-01
7.000000e+00 1.177156e-01 2.343689e-01
7.050000e+00 1.175827e-01 2.357057e-01
7.100000e+00 1.176766e-01 2.370315e-01
7.150000e+00 1.179963e-01 2.383453e-01
7.200000e+00 1.185416e-01 2.396463e-01
7.250000e+00 1.193139e-01 2.409340e-01
7.300000e+00 1.203153e-01 2.422080e-01
7.350000e+00 1.215489e-01 2.434682e-01
7.400000e+00 1.230190e-01 2.447146e-01
7.450000e+00 1.247302e-01 2.459475e-01
7.500000e+00 1.266882e-01 2.471675e-01
7.550000e+00 1.288983e-01 2.483751e-01
7.600000e+00 1.313662e-01 2.495713e-01
7.650000e+00 1.340965e-01 2.507572e-01
7.700000e+00 1.370928e-01 2.519339e-01
7.750000e+00 1.403562e-01 2.531028e-01
7.800000e+00 1.438844e-01 2.542655e-01
7.850000e+00 1.476705e-01 2.554234e-01
7.900000e+00 1.517008e-01 2.565782e-01
7.950000e+00 1.559531e-01 2.577317e-01
8.000000e+00 1.603942e-01 2.588854e-01
8.050000e+00 1.649778e-01 2.600411e-01
8.100000e+00 1.696418e-01 2.612005e-01
8.150000e+00 1.743072e-01 2.623650e-01
8.200000e+00 1.788773e-01 2.635362e-01
8.250000e+00 1.832387e-01 2.647153e-01
8.300000e+00 1.872659e-01 2.659034e-01
8.350000e+00 1.908273e-01 2.671016e-01
8.400000e+00 1.937949e-01 2.683106e-01
8.450000e+00 1.960561e-01 2.695309e-01
8.500000e+00 1.975251e-01 2.707626e-01
8.550000e+00 1.981526e-01 2.720059e-01
8.600000e+00 1.979321e-01 2.732604e-01
8.650000e+00 1.968998e-01 2.745255e-01
8.700000e+00 1.951300e-01 2.758003e-01
8.750000e+00 1.927257e-01 2.770836e-01
8.800000e+00 1.898074e-01 2.783740e-01
8.850000e+00 1.865017e-01 2.796698e-01
8.900000e+00 1.829319e-01 2.809690e-01
8.950000e+00 1.792110e-01 2.822693e-01
9.000000e+00 1.754372e-01 2.835682e-01
9.050000e+00 1.716927e-01 2.848631e-01
9.100000e+00 1.680436e-01 2.861511e-01
9.150000e+00 1.645408e-01 2.874293e-01
9.200000e+00 1.612227e-01 2.886945e-01
9.250000e+00 1.581166e-01 2.899435e-01
9.300000e+00 1.552414e-01 2.911733e-01
9.350000e+00 1.526092e-01 2.923804e-01
9.400000e+00 1.502271e-01 2.935619e-01
9.450000e+00 1.480987e-01 2.947145e-01
9.500000e+00 1.462251e-01 2.958352e-01
9.550000e+00 1.446059e-01 2.969213e-01
9.600000e+00 1.432397e-01 2.979701e-01
9.650000e+00 1.421253e-01 2.989791e-01
9.700000e+00 1.412613e-01 2.999462e-01
9.750000e+00 1.406471e-01 3.008696e-01
9.800000e+00 1.402831e-01 3.017476e-01
9.850000e+00 1.401706e-01 3.025791e-01
9.900000e+00 1.403124e-01 3.033634e-01
9.950000e+00 1.407127e-01 3.040998e-01
1.000000e+01 1.413774e-01 3.047886e-01
1.005000e+01 1.423144e-01 3.054301e-01
1.010000e+01 1.435336e-01 3.060251e-01
1.015000e+01 1.450471e-01 3.065750e-01
1.020000e+01 1.468695e-01 3.070817e-01
1.025000e+01 1.490181e-01 3.075472e-01
1.030000e+01 1.515131e-01 3.079743e-01
1.035000e+01 1.543777e-01 3.083661e-01
1.040000e+01 1.576386e-01 3.087261e-01
1.045000e+01 1.613260e-01 3.090582e-01
1.050000e+01 1.654737e-01 3.093667e-01
1.055000e+01 1.701193e-01 3.096562e-01
1.060000e+01 1.753036e-01 3.099316e-01
1.065000e+01 1.810702e-01 3.101980e-01
1.070000e+01 1.874645e-01 3.104608e-01
1.075000e+01 1.945313e-01 3.107255e-01
1.080000e+01 2.023116e-01 3.109978e-01
1.085000e+01 2.108372e-01 3.112834e-01
1.090000e+01 2.201231e-01 3.115879e-01
1.095000e+01 2.301560e-01 3.119169e-01
1.100000e+01 2.408783e-01 3.122759e-01
1.105000e+01 2.521683e-01 3.126702e-01
1.110000e+01 2.638165e-01 3.131047e-01
1.115000e+01 2.755017e-01 3.135841e-01
1.120000e+01 2.867764e-01 3.141128e-01
1.125000e+01 2.970712e-01 3.146945e-01
1.130000e+01 3.057348e-01 3.153327e-01
1.135000e+01 3.121163e-01 3.160302e-01
1.140000e+01 3.156815e-01 3.167893e-01
1.145000e+01 3.161306e-01 3.176116e-01
1.150000e+01 3.134715e-01 3.184981e-01
1.155000e+01 3.080159e-01 3.194492e-01
1.160000e+01 3.002998e-01 3.204647e-01
1.165000e+01 2.909658e-01 3.215436e-01
1.170000e+01 2.806504e-01 3.226843e-01
1.175000e+01 2.699066e-01 3.238846e-01
1.180000e+01 2.591686e-01 3.251416e-01
1.185000e+01 2.487485e-01 3.264520e-01
1.190000e+01 2.388520e-01 3.278118e-01
1.195000e+01 2.296007e-01 3.292165e-01
1.200000e+01 2.210549e-01 3.306612e-01
1.205000e+01 2.132325e-01 3.321408e-01
1.210000e+01 2.061241e-01 3.336495e-01
1.215000e+01 1.997035e-01 3.351815e-01
1.220000e+01 1.939355e-01 3.367308e-01
1.225000e+01 1.887808e-01 3.382910e-01
1.230000e+01 1.841992e-01 3.398560e-01
1.235000e+01 1.801518e-01 3.414194e-01
1.240000e+01 1.766022e-01 3.429750e-01
1.245000e+01 1.735170e-01 3.445166e-01
1.250000e+01 1.708661e-01 3.460382e-01
1.255000e+01 1.686231e-01 3.475342e-01
1.260000e+01 1.667646e-01 3.489989e-01
1.265000e+01 1.652709e-01 3.504273e-01
1.270000e+01 1.641251e-01 3.518146e-01
1.275000e+01 1.633134e-01 3.531565e-01
1.280000e+01 1.628247e-01 3.544488e-01
1.285000e+01 1.626504e-01 3.556883e-01
1.290000e+01 1.627846e-01 3.568719e-01
1.295000e+01 1.632234e-01 3.579971e-01
1.300000e+01 1.639654e-01 3.590621e-01
1.305000e+01 1.650109e-01 3.600653e-01
1.310000e+01 1.663624e-01 3.610060e-01
1.315000e+01 1.680241e-01 3.618837e-01
1.320000e+01 1.700019e-01 3.626988e-01
1.325000e+01 1.723032e-01 3.634519e-01
1.330000e+01 1.749364e-01 3.641443e-01
1.335000e+01 1.779111e-01 3.647777e-01
1.340000e+01 1.812372e-01 3.653542e-01
1.345000e+01 1.849246e-01 3.658766e-01
1.350000e+01 1.889822e-01 3.663477e-01
1.355000e+01 1.934171e-01 3.667710e-01
1.360000e+01 1.982328e-01 3.671502e-01
1.365000e+01 2.034280e-01 3.674892e-01
1.370000e+01 2.089940e-01 3.677922e-01
1.375000e+01 2.149115e-01 3.680637e-01
1.380000e+01 2.211481e-01 3.683081e-01
1.385000e+01 2.276538e-01 3.685300e-01
1.390000e+01 2.343570e-01 3.687340e-01
1.395000e+01 2.411610e-01 3.689248e-01
1.400000e+01 2.479408e-01 3.691068e-01
1.405000e+01 2.545422e-01 3.692843e-01
1.410000e+01 2.607840e-01 3.694617e-01
1.415000e+01 2.664651e-01 3.696428e-01
1.420000e+01 2.713763e-01 3.698313e-01
1.425000e+01 2.753170e-01 3.700307e-01
1.430000e+01 2.781161e-01 3.702438e-01
1.435000e+01 2.796511e-01 3.704735e-01
1.440000e+01 2.798645e-01 3.707219e-01
1.445000e+01 2.787712e-01 3.709909e-01
1.450000e+01 2.764563e-01 3.712818e-01
1.455000e+01 2.730632e-01 3.715956e-01
1.460000e+01 2.687757e-01 3.719329e-01
1.465000e+01 2.637975e-01 3.722937e-01
1.470000e+01 2.583339e-01 3.726777e-01
1.475000e+01 2.525769e-01 3.730842e-01
1.480000e+01 2.466957e-01 3.735120e-01
1.485000e+01 2.408326e-01 3.739598e-01
1.490000e+01 2.351015e-01 3.744258e-01
1.495000e+01 2.295905e-01 3.749080e-01
1.500000e+01 2.243646e-01 3.754041e-01
1.505000e+01 2.194695e-01 3.759118e-01
1.510000e+01 2.149359e-01 3.764286e-01
1.515000e+01 2.107826e-01 3.769520e-01
1.520000e+01 2.070197e-01 3.774792e-01
1.525000e+01 2.036509e-01 3.780079e-01
1.530000e+01 2.006759e-01 3.785354e-01
1.535000e+01 1.980914e-01 3.790595e-01
1.540000e+01 1.958931e-01 3.795781e-01
1.545000e+01 1.940757e-01 3.800893e-01
1.550000e+01 1.926347e-01 3.805914e-01
1.555000e+01 1.915657e-01 3.810831e-01
1.560000e+01 1.908660e-01 3.815634e-01
1.565000e+01 1.905338e-01 3.820318e-01
1.570000e+01 1.905693e-01 3.824880e-01
1.575000e+01 1.909742e-01 3.829323e-01
1.580000e+01 1.917523e-01 3.833652e-01
1.585000e+01 1.929090e-01 3.837879e-01
1.590000e+01 1.944517e-01 3.842018e-01
1.595000e+01 1.963898e-01 3.846087e-01
1.600000e+01 1.987343e-01 3.850111e-01
1.605000e+01 2.014975e-01 3.854115e-01
1.610000e+01 2.046931e-01 3.858131e-01
1.615000e+01 2.083352e-01 3.862190e-01
1.620000e+01 2.124378e-01 3.866329e-01
1.625000e+01 2.170138e-01 3.870587e-01
1.630000e+01 2.220733e-01 3.875003e-01
1.635000e+01 2.276218e-01 3.879619e-01
1.640000e+01 2.336573e-01 3.884476e-01
1.645000e+01 2.401672e-01 3.889616e-01
1.650000e+01 2.471238e-01 3.895080e-01
1.655000e+01 2.544793e-01 3.900907e-01
1.660000e+01 2.621596e-01 3.907135e-01
1.665000e+01 2.700584e-01 3.913799e-01
1.670000e+01 2.780314e-01 3.920930e-01
1.675000e+01 2.858928e-01 3.928555e-01
1.680000e+01 2.934153e-01 3.936697e-01
1.685000e+01 3.003365e-01 3.945373e-01
1.690000e+01 3.063730e-01 3.954595e-01
1.695000e+01 3.112435e-01 3.964370e-01
1.700000e+01 3.146977e-01 3.974696e-01
1.705000e+01 3.165480e-01 3.985567e-01
1.710000e+01 3.166956e-01 3.996968e-01
1.715000e+01 3.151455e-01 4.008879e-01
1.720000e+01 3.120049e-01 4.021271e-01
1.725000e+01 3.074666e-01 4.034112e-01
1.730000e+01 3.017813e-01 4.047359e-01
1.735000e+01 2.952269e-01 4.060966e-01
1.740000e+01 2.880795e-01 4.074878e-01
1.745000e+01 2.805929e-01 4.089039e-01
1.750000e+01 2.729856e-01 4.103384e-01
1.755000e+01 2.654354e-01 4.117845e-01
1.760000e+01 2.580800e-01 4.132351e-01
1.765000e+01 2.510208e-01 4.146827e-01
1.770000e+01 2.443284e-01 4.161196e-01
1.775000e+01 2.380485e-01 4.175379e-01
1.780000e+01 2.322080e-01 4.189298e-01
1.785000e+01 2.268190e-01 4.202872e-01
1.790000e+01 2.218838e-01 4.216023e-01
1.795000e+01 2.173976e-01 4.228673e-01
1.800000e+01 2.133510e-01 4.240747e-01
1.805000e+01 2.097323e-01 4.252174e-01
1.810000e+01 2.065283e-01 4.262884e-01
1.815000e+01 2.037258e-01 4.272814e-01
1.820000e+01 2.013122e-01 4.281904e-01
1.825000e+01 1.992760e-01 4.290100e-01
1.830000e+01 1.976072e-01 4.297354e-01
1.835000e+01 1.962976e-01 4.303627e-01
1.840000e+01 1.953410e-01 4.308884e-01
1.845000e+01 1.947334e-01 4.313099e-01
1.850000e+01 1.944730e-01 4.316253e-01
1.855000e+01 1.945604e-01 4.318337e-01
1.860000e+01 1.949989e-01 4.319347e-01
1.865000e+01 1.957943e-01 4.319291e-01
1.870000e+01 1.969552e-01 4.318185e-01
1.875000e+01 1.984931e-01 4.316052e-01
1.880000e+01 2.004229e-01 4.312926e-01
1.885000e+01 2.027626e-01 4.308847e-01
1.890000e+01 2.055336e-01 4.303867e-01
1.895000e+01 2.087615e-01 4.298042e-01
1.900000e+01 2.124754e-01 4.291440e-01
1.905000e+01 2.167088e-01 4.284134e-01
1.910000e+01 2.214991e-01 4.276204e-01
1.915000e+01 2.268882e-01 4.267738e-01
1.920000e+01 2.329213e-01 4.258829e-01
1.925000e+01 2.396470e-01 4.249576e-01
1.930000e+01 2.471155e-01 4.240081e-01
1.935000e+01 2.553764e-01 4.230451e-01
1.940000e+01 2.644751e-01 4.220794e-01
1.945000e+01 2.744470e-01 4.211222e-01
1.950000e+01 2.853095e-01 4.201845e-01
1.955000e+01 2.970497e-01 4.192774e-01
1.960000e+01 3.096084e-01 4.184119e-01
1.965000e+01 3.228588e-01 4.175986e-01
1.970000e+01 3.365817e-01 4.168478e-01
1.975000e+01 3.504392e-01 4.161692e-01
1.980000e+01 3.639558e-01 4.155720e-01
1.985000e+01 3.765156e-01 4.150647e-01
1.990000e+01 3.873935e-01 4.146549e-01
1.995000e+01 3.958290e-01 4.143493e-01
2.000000e+01 4.011430e-01 4.141537e-01
2.005000e+01 4.028706e-01 4.140728e-01
2.010000e+01 4.008682e-01 4.141102e-01
2.015000e+01 3.953475e-01 4.142683e-01
2.020000e+01 3.868246e-01 4.145485e-01
2.025000e+01 3.760043e-01 4.149509e-01
2.030000e+01 3.636472e-01 4.154744e-01
2.035000e+01 3.504609e-01 4.161167e-01
2.040000e+01 3.370352e-01 4.168747e-01
2.045000e+01 3.238190e-01 4.177438e-01
2.050000e+01 3.111267e-01 4.187189e-01
2.055000e+01 2.991597e-01 4.197936e-01
2.060000e+01 2.880321e-01 4.209609e-01
2.065000e+01 2.777951e-01 4.222129e-01
2.070000e+01 2.684570e-01 4.235414e-01
2.075000e+01 2.599985e-01 4.249373e-01
2.080000e+01 2.523838e-01 4.263914e-01
2.085000e+01 2.455684e-01 4.278942e-01
2.090000e+01 2.395044e-01 4.294358e-01
2.095000e+01 2.341434e-01 4.310064e-01
2.100000e+01 2.294392e-01 4.325964e-01
2.105000e+01 2.253487e-01 4.341961e-01
2.110000e+01 2.218325e-01 4.357961e-01
2.115000e+01 2.188555e-01 4.373874e-01
2.120000e+01 2.163867e-01 4.389614e-01
2.125000e+01 2.143991e-01 4.405100e-01
2.130000e+01 2.128696e-01 4.420255e-01
2.135000e+01 2.117789e-01 4.435010e-01
2.140000e+01 2.111111e-01 4.449301e-01
2.145000e+01 2.108535e-01 4.463071e-01
2.150000e+01 2.109966e-01 4.476272e-01
2.155000e+01 2.115334e-01 4.488862e-01
2.160000e+01 2.124596e-01 4.500806e-01
2.165000e+01 2.137732e-01 4.512077e-01
2.170000e+01 2.154742e-01 4.522656e-01
2.175000e+01 2.175644e-01 4.532530e-01
2.180000e+01 2.200471e-01 4.541695e-01
2.185000e+01 2.229262e-01 4.550153e-01
2.190000e+01 2.262065e-01 4.557912e-01
2.195000e+01 2.298923e-01 4.564987e-01
2.200000e+01 2.339869e-01 4.571399e-01
2.205000e+01 2.384914e-01 4.577173e-01
2.210000e+01 2.434035e-01 4.582339e-01
2.215000e+01 2.487153e-01 4.586931e-01
2.220000e+01 2.544120e-01 4.590988e-01
2.225000e+01 2.604686e-01 4.594549e-01
2.230000e+01 2.668475e-01 4.597657e-01
2.235000e+01 2.734950e-01 4.600356e-01
2.240000e+01 2.803383e-01 4.602689e-01
2.245000e+01 2.872820e-01 4.604702e-01
2.250000e+01 2.942065e-01 4.606438e-01
2.255000e+01 3.009665e-01 4.607939e-01
2.260000e+01 3.073938e-01 4.609244e-01
2.265000e+01 3.133014e-01 4.610392e-01
2.270000e+01 3.184934e-01 4.611417e-01
2.275000e+01 3.227776e-01 4.612348e-01
2.280000e+01 3.259814e-01 4.613212e-01
2.285000e+01 3.279690e-01 4.614032e-01
2.290000e+01 3.286559e-01 4.614823e-01
2.295000e+01 3.280188e-01 4.615598e-01
2.300000e+01 3.260984e-01 4.616365e-01
2.305000e+01 3.229946e-01 4.617123e-01
2.310000e+01 3.188548e-01 4.617872e-01
2.315000e+01 3.138579e-01 4.618601e-01
2.320000e+01 3.081982e-01 4.619299e-01
2.325000e+01 3.020698e-01 4.619947e-01
2.330000e+01 2.956548e-01 4.620526e-01
2.335000e+01 2.891155e-01 4.621009e-01
2.340000e+01 2.825902e-01 4.621369e-01
2.345000e+01 2.761926e-01 4.621575e-01
2.350000e+01 2.700123e-01 4.621597e-01
2.355000e+01 2.641179e-01 4.621400e-01
2.360000e+01 2.585597e-01 4.620951e-01
2.365000e+01 2.533732e-01 4.620217e-01
2.370000e+01 2.485821e-01 4.619167e-01
2.375000e+01 2.442012e-01 4.617769e-01
2.380000e+01 2.402384e-01 4.615996e-01
2.385000e+01 2.366971e-01 4.613823e-01
2.390000e+01 2.335778e-01 4.611231e-01
2.395000e+01 2.308791e-01 4.608203e-01
2.400000e+01 2.285986e-01 4.604729e-01
2.405000e+01 2.267345e-01 4.600804e-01
2.410000e+01 2.252853e-01 4.596429e-01
2.415000e+01 2.242509e-01 4.591614e-01
2.420000e+01 2.236327e-01 4.586373e-01
2.425000e+01 2.234342e-01 4.580729e-01
2.430000e+01 2.236612e-01 4.574713e-01
2.435000e+01 2.243218e-01 4.568362e-01
2.440000e+01 2.254268e-01 4.561723e-01
2.445000e+01 2.269901e-01 4.554849e-01
2.450000e+01 2.290285e-01 4.547800e-01
2.455000e+01 2.315618e-01 4.540644e-01
2.460000e+01 2.346132e-01 4.533455e-01
2.465000e+01 2.382090e-01 4.526315e-01
2.470000e+01 2.423783e-01 4.519309e-01
2.475000e+01 2.471531e-01 4.512528e-01
2.480000e+01 2.525669e-01 4.506067e-01
2.485000e+01 2.586542e-01 4.500022e-01
2.490000e+01 2.654486e-01 4.494493e-01
2.495000e+01 2.729798e-01 4.489579e-01
2.500000e+01 2.812703e-01 4.485380e-01
2.505000e+01 2.903295e-01 4.481994e-01
2.510000e+01 3.001467e-01 4.479514e-01
2.515000e+01 3.106811e-01 4.478030e-01
2.520000e+01 3.218492e-01 4.477626e-01
2.525000e+01 3.335109e-01 4.478379e-01
2.530000e+01 3.454535e-01 4.480357e-01
2.535000e+01 3.573783e-01 4.483619e-01
2.540000e+01 3.688942e-01 4.488213e-01
2.545000e+01 3.795242e-01 4.494177e-01
2.550000e+01 3.887322e-01 4.501533e-01
2.555000e+01 3.959746e-01 4.510294e-01
2.560000e+01 4.007711e-01 4.520457e-01
2.565000e+01 4.027833e-01 4.532007e-01
2.570000e+01 4.018766e-01 4.544912e-01
2.575000e+01 3.981463e-01 4.559130e-01
2.580000e+01 3.918967e-01 4.574603e-01
2.585000e+01 3.835827e-01 4.591260e-01
2.590000e+01 3.737332e-01 4.609020e-01
2.595000e+01 3.628786e-01 4.627787e-01
2.600000e+01 3.514977e-01 4.647457e-01
2.605000e+01 3.399881e-01 4.667915e-01
2.610000e+01 3.286574e-01 4.689037e-01
2.615000e+01 3.177284e-01 4.710694e-01
2.620000e+01 3.073511e-01 4.732749e-01
2.625000e+01 2.976175e-01 4.755061e-01
2.630000e+01 2.885765e-01 4.777486e-01
2.635000e+01 2.802454e-01 4.799878e-01
2.640000e+01 2.726203e-01 4.822090e-01
2.645000e+01 2.656831e-01 4.843976e-01
2.650000e+01 2.594078e-01 4.865393e-01
2.655000e+01 2.537636e-01 4.886200e-01
2.660000e+01 2.487183e-01 4.906259e-01
2.665000e+01 2.442397e-01 4.925441e-01
2.670000e+01 2.402974e-01 4.943620e-01
2.675000e+01 2.368628e-01 4.960680e-01
2.680000e+01 2.339103e-01 4.976510e-01
2.685000e+01 2.314171e-01 4.991012e-01
2.690000e+01 2.293635e-01 5.004095e-01
2.695000e+01 2.277330e-01 5.015678e-01
2.700000e+01 2.265122e-01 5.025693e-01
2.705000e+01 2.256906e-01 5.034082e-01
2.710000e+01 2.252609e-01 5.040798e-01
2.715000e+01 2.252187e-01 5.045808e-01
2.720000e+01 2.255629e-01 5.049089e-01
2.725000e+01 2.262948e-01 5.050632e-01
2.730000e+01 2.274193e-01 5.050440e-01
2.735000e+01 2.289438e-01 5.048528e-01
2.740000e+01 2.308791e-01 5.044924e-01
2.745000e+01 2.332388e-01 5.039669e-01
2.750000e+01 2.360398e-01 5.032814e-01
2.755000e+01 2.393020e-01 5.024424e-01
2.760000e+01 2.430485e-01 5.014574e-01
2.765000e+01 2.473052e-01 5.003349e-01
2.770000e+01 2.521008e-01 4.990846e-01
2.775000e+01 2.574662e-01 4.977171e-01
2.780000e+01 2.634336e-01 4.962439e-01
2.785000e+01 2.700357e-01 4.946773e-01
2.790000e+01 2.773034e-01 4.930303e-01
2.795000e+01 2.852632e-01 4.913165e-01
2.800000e+01 2.939336e-01 4.895502e-01
2.805000e+01 3.033191e-01 4.877459e-01
2.810000e+01 3.134034e-01 4.859184e-01
2.815000e+01 3.241392e-01 4.840827e-01
2.820000e+01 3.354363e-01 4.822539e-01
2.825000e+01 3.471475e-01 4.804469e-01
2.830000e+01 3.590539e-01 4.786763e-01
2.835000e+01 3.708523e-01 4.769564e-01
2.840000e+01 3.821494e-01 4.753010e-01
2.845000e+01 3.924694e-01 4.737230e-01
2.850000e+01 4.012817e-01 4.722348e-01
2.855000e+01 4.080513e-01 4.708476e-01
2.860000e+01 4.123098e-01 4.695718e-01
2.865000e+01 4.137315e-01 4.684166e-01
2.870000e+01 4.121950e-01 4.673898e-01
2.875000e+01 4.078084e-01 4.664980e-01
2.880000e+01 4.008892e-01 4.657464e-01
2.885000e+01 3.919061e-01 4.651389e-01
2.890000e+01 3.814024e-01 4.646779e-01
2.895000e+01 3.699230e-01 4.643644e-01
2.900000e+01 3.579602e-01 4.641979e-01
2.905000e+01 3.459235e-01 4.641767e-01
2.910000e+01 3.341297e-01 4.642977e-01
2.915000e+01 3.228085e-01 4.645566e-01
2.920000e+01 3.121142e-01 4.649481e-01
2.925000e+01 3.021414e-01 4.654658e-01
2.930000e+01 2.929396e-01 4.661022e-01
2.935000e+01 2.845260e-01 4.668495e-01
2.940000e+01 2.768955e-01 4.676988e-01
2.945000e+01 2.700289e-01 4.686410e-01
2.950000e+01 2.638982e-01 4.696666e-01
2.955000e+01 2.584713e-01 4.707658e-01
2.960000e+01 2.537145e-01 4.719288e-01
2.965000e+01 2.495945e-01 4.731457e-01
2.970000e+01 2.460797e-01 4.744070e-01
2.975000e+01 2.431411e-01 4.757033e-01
2.980000e+01 2.407524e-01 4.770257e-01
2.985000e+01 2.388909e-01 4.783657e-01
2.990000e+01 2.375370e-01 4.797154e-01
2.995000e+01 2.366742e-01 4.810674e-01
3.000000e+01 2.362896e-01 4.824151e-01
3.005000e+01 2.363729e-01 4.837527e-01
3.010000e+01 2.369171e-01 4.850750e-01
3.015000e+01 2.379177e-01 4.863776e-01
3.020000e+01 2.393726e-01 4.876569e-01
3.025000e+01 2.412821e-01 4.889102e-01
3.030000e+01 2.436482e-01 4.901352e-01
3.035000e+01 2.464743e-01 4.913307e-01
3.040000e+01 2.497648e-01 4.924960e-01
3.045000e+01 2.535241e-01 4.936311e-01
3.050000e+01 2.577562e-01 4.947366e-01
3.055000e+01 2.624631e-01 4.958135e-01
3.060000e+01 2.676437e-01 4.968635e-01
3.065000e+01 2.732922e-01 4.978883e-01
3.070000e+01 2.793952e-01 4.988904e-01
3.075000e+01 2.859298e-01 4.998720e-01
3.080000e+01 2.928603e-01 5.008358e-01
3.085000e+01 3.001344e-01 5.017844e-01
3.090000e+01 3.076795e-01 5.027203e-01
3.095000e+01 3.153994e-01 5.036460e-01
3.100000e+01 3.231710e-01 5.045636e-01
3.105000e+01 3.308425e-01 5.054751e-01
3.110000e+01 3.382344e-01 5.063821e-01
3.115000e+01 3.451434e-01 5.072857e-01
3.120000e+01 3.513507e-01 5.081864e-01
3.125000e+01 3.566353e-01 5.090844e-01
3.130000e+01 3.607902e-01 5.099792e-01
3.135000e+01 3.636421e-01 5.108695e-01
3.140000e+01 3.650686e-01 5.117537e-01
3.145000e+01 3.650128e-01 5.126292e-01
3.150000e+01 3.634891e-01 5.134930e-01
3.155000e+01 3.605817e-01 5.143414e-01
3.160000e+01 3.564338e-01 5.151699e-01
3.165000e+01 3.512318e-01 5.159738e-01
3.170000e+01 3.451862e-01 5.167473e-01
3.175000e+01 3.385142e-01 5.174847e-01
3.180000e+01 3.314243e-01 5.181795e-01
3.185000e+01 3.241058e-01 5.188248e-01
3.190000e+01 3.167229e-01 5.194138e-01
3.195000e+01 3.094120e-01 5.199391e-01
3.200000e+01 3.022825e-01 5.203933e-01
3.205000e+01 2.954188e-01 5.207692e-01
3.210000e+01 2.888836e-01 5.210595e-01
3.215000e+01 2.827216e-01 5.212570e-01
3.220000e+01 2.769630e-01 5.213549e-01
3.225000e+01 2.716267e-01 5.213468e-01
3.230000e+01 2.667231e-01 5.212268e-01
3.235000e+01 2.622567e-01 5.209893e-01
3.240000e+01 2.582274e-01 5.206298e-01
3.245000e+01 2.546329e-01 5.201441e-01
3.250000e+01 2.514692e-01 5.195292e-01
3.255000e+01 2.487320e-01 5.187829e-01
3.260000e+01 2.464173e-01 5.179040e-01
3.265000e+01 2.445222e-01 5.168922e-01
3.270000e+01 2.430451e-01 5.157487e-01
3.275000e+01 2.419865e-01 5.144755e-01
3.280000e+01 2.413487e-01 5.130760e-01
3.285000e+01 2.411371e-01 5.115551e-01
3.290000e+01 2.413595e-01 5.099184e-01
3.295000e+01 2.420270e-01 5.081735e-01
3.300000e+01 2.431541e-01 5.063287e-01
3.305000e+01 2.447588e-01 5.043941e-01
3.310000e+01 2.468633e-01 5.023807e-01
3.315000e+01 2.494940e-01 5.003011e-01
3.320000e+01 2.526819e-01 4.981687e-01
3.325000e+01 2.564626e-01 4.959985e-01
3.330000e+01 2.608770e-01 4.938060e-01
3.335000e+01 2.659709e-01 4.916082e-01
3.340000e+01 2.717948e-01 4.894225e-01
3.345000e+01 2.784038e-01 4.872672e-01
3.350000e+01 2.858558e-01 4.851612e-01
3.355000e+01 2.942100e-01 4.831235e-01
3.360000e+01 3.035230e-01 4.811735e-01
3.365000e+01 3.138439e-01 4.793305e-01
3.370000e+01 3.252057e-01 4.776136e-01
3.375000e+01 3.376139e-01 4.760412e-01
3.380000e+01 3.510293e-01 4.746313e-01
3.385000e+01 3.653465e-01 4.734007e-01
3.390000e+01 3.803658e-01 4.723651e-01
3.395000e+01 3.957635e-01 4.715387e-01
3.400000e+01 4.110644e-01 4.709342e-01
3.405000e+01 4.256293e-01 4.705623e-01
3.410000e+01 4.386731e-01 4.704316e-01
3.415000e+01 4.493294e-01 4.705488e-01
3.420000e+01 4.567682e-01 4.709179e-01
3.425000e+01 4.603462e-01 4.715409e-01
3.430000e+01 4.597481e-01 4.724171e-01
3.435000e+01 4.550617e-01 4.735433e-01
3.440000e+01 4.467541e-01 4.749141e-01
3.445000e+01 4.355610e-01 4.765216e-01
3.450000e+01 4.223349e-01 4.783556e-01
3.455000e+01 4.079071e-01 4.804038e-01
3.460000e+01 3.929948e-01 4.826522e-01
3.465000e+01 3.781591e-01 4.850846e-01
3.470000e+01 3.638034e-01 4.876835e-01
3.475000e+01 3.501931e-01 4.904301e-01
3.480000e+01 3.374847e-01 4.933045e-01
3.485000e+01 3.257548e-01 4.962857e-01
3.490000e+01 3.150244e-01 4.993523e-01
3.495000e+01 3.052782e-01 5.024824e-01
3.500000e+01 2.964789e-01 5.056538e-01
3.505000e+01 2.885770e-01 5.088447e-01
3.510000e+01 2.815174e-01 5.120330e-01
3.515000e+01 2.752441e-01 5.151973e-01
3.520000e+01 2.697027e-01 5.183169e-01
3.525000e+01 2.648423e-01 5.213716e-01
3.530000e+01 2.606160e-01 5.243420e-01
3.535000e+01 2.569818e-01 5.272100e-01
3.540000e+01 2.539023e-01 5.299584e-01
3.545000e+01 2.513450e-01 5.325713e-01
3.550000e+01 2.492818e-01 5.350339e-01
3.555000e+01 2.476890e-01 5.373330e-01
3.560000e+01 2.465470e-01 5.394566e-01
3.565000e+01 2.458400e-01 5.413943e-01
3.570000e+01 2.455561e-01 5.431372e-01
3.575000e+01 2.456864e-01 5.446777e-01
3.580000e+01 2.462257e-01 5.460099e-01
3.585000e+01 2.471717e-01 5.471295e-01
3.590000e+01 2.485249e-01 5.480336e-01
3.595000e+01 2.502890e-01 5.487207e-01
3.600000e+01 2.524700e-01 5.491910e-01
3.605000e+01 2.550766e-01 5.494461e-01
3.610000e+01 2.581197e-01 5.494890e-01
3.615000e+01 2.616123e-01 5.493239e-01
3.620000e+01 2.655691e-01 5.489566e-01
3.625000e+01 2.700060e-01 5.483941e-01
3.630000e+01 2.749392e-01 5.476444e-01
3.635000e+01 2.803849e-01 5.467168e-01
3.640000e+01 2.863572e-01 5.456215e-01
3.645000e+01 2.928667e-01 5.443698e-01
3.650000e+01 2.999182e-01 5.429737e-01
3.655000e+01 3.075076e-01 5.414460e-01
3.660000e+01 3.156176e-01 5.398002e-01
3.665000e+01 3.242129e-01 5.380501e-01
3.670000e+01 3.332342e-01 5.362102e-01
3.675000e+01 3.425913e-01 5.342951e-01
3.680000e+01 3.521555e-01 5.323197e-01
3.685000e+01 3.617533e-01 5.302986e-01
3.690000e+01 3.711620e-01 5.282468e-01
3.695000e+01 3.801086e-01 5.261786e-01
3.700000e+01 3.882773e-01 5.241082e-01
3.705000e+01 3.953249e-01 5.220494e-01
3.710000e+01 4.009069e-01 5.200151e-01
3.715000e+01 4.047125e-01 5.180179e-01
3.720000e+01 4.065028e-01 5.160692e-01
3.725000e+01 4.061451e-01 5.141797e-01
3.730000e+01 4.036341e-01 5.123591e-01
3.735000e+01 3.990943e-01 5.106162e-01
3.740000e+01 3.927622e-01 5.089584e-01
3.745000e+01 3.849543e-01 5.073922e-01
3.750000e+01 3.760276e-01 5.059228e-01
3.755000e+01 3.663430e-01 5.045543e-01
3.760000e+01 3.562362e-01 5.032897e-01
3.765000e+01 3.459990e-01 5.021309e-01
3.770000e+01 3.358709e-01 5.010785e-01
3.775000e+01 3.260387e-01 5.001324e-01
3.780000e+01 3.166403e-01 4.992914e-01
3.785000e+01 3.077722e-01 4.985534e-01
3.790000e+01 2.994973e-01 4.979158e-01
3.795000e+01 2.918520e-01 4.973752e-01
3.800000e+01 2.848535e-01 4.969276e-01
3.805000e+01 2.785048e-01 4.965688e-01
3.810000e+01 2.727994e-01 4.962942e-01
3.815000e+01 2.677250e-01 4.960991e-01
3.820000e+01 2.632654e-01 4.959788e-01
3.825000e+01 2.594035e-01 4.959285e-01
3.830000e+01 2.561217e-01 4.959440e-01
3.835000e+01 2.534034e-01 4.960209e-01
3.840000e+01 2.512339e-01 4.961556e-01
3.845000e+01 2.496004e-01 4.963446e-01
3.850000e+01 2.484928e-01 4.965852e-01
3.855000e+01 2.479035e-01 4.968752e-01
3.860000e+01 2.478277e-01 4.972131e-01
3.865000e+01 2.482636e-01 4.975979e-01
3.870000e+01 2.492121e-01 4.980293e-01
3.875000e+01 2.506768e-01 4.985077e-01
3.880000e+01 2.526639e-01 4.990342e-01
3.885000e+01 2.551821e-01 4.996104e-01
3.890000e+01 2.582420e-01 5.002384e-01
3.895000e+01 2.618557e-01 5.009210e-01
3.900000e+01 2.660362e-01 5.016611e-01
3.905000e+01 2.707966e-01 5.024622e-01
3.910000e+01 2.761486e-01 5.033279e-01
3.915000e+01 2.821010e-01 5.042619e-01
3.920000e+01 2.886576e-01 5.052681e-01
3.925000e+01 2.958140e-01 5.063501e-01
3.930000e+01 3.035546e-01 5.075113e-01
3.935000e+01 3.118475e-01 5.087548e-01
3.940000e+01 3.206398e-01 5.100833e-01
3.945000e+01 3.298515e-01 5.114988e-01
3.950000e+01 3.393692e-01 5.130027e-01
3.955000e+01 3.490407e-01 5.145957e-01
3.960000e+01 3.586708e-01 5.162774e-01
3.965000e+01 3.680214e-01 5.180465e-01
3.970000e+01 3.768154e-01 5.199010e-01
3.975000e+01 3.847497e-01 5.218373e-01
3.980000e+01 3.915142e-01 5.238512e-01
3.985000e+01 3.968191e-01 5.259370e-01
3.990000e+01 4.004252e-01 5.280880e-01
3.995000e+01 4.021722e-01 5.302964e-01
4.000000e+01 4.019994e-01 5.325534e-01
4.005000e+01 3.999522e-01 5.348489e-01
4.010000e+01 3.961751e-01 5.371721e-01
4.015000e+01 3.908906e-01 5.395112e-01
4.020000e+01 3.843712e-01 5.418534e-01
4.025000e+01 3.769101e-01 5.441854e-01
4.030000e+01 3.687955e-01 5.464932e-01
4.035000e+01 3.602916e-01 5.487623e-01
4.040000e+01 3.516270e-01 5.509777e-01
4.045000e+01 3.429907e-01 5.531244e-01
4.050000e+01 3.345317e-01 5.551870e-01
4.055000e+01 3.263625e-01 5.571503e-01
4.060000e+01 3.185646e-01 5.589990e-01
4.065000e+01 3.111936e-01 5.607183e-01
4.070000e+01 3.042849e-01 5.622937e-01
4.075000e+01 2.978580e-01 5.637111e-01
4.080000e+01 2.919214e-01 5.649572e-01
4.085000e+01 2.864750e-01 5.660194e-01
4.090000e+01 2.815135e-01 5.668859e-01
4.095000e+01 2.770279e-01 5.675460e-01
4.100000e+01 2.730075e-01 5.679899e-01
4.105000e+01 2.694408e-01 5.682093e-01
4.110000e+01 2.663169e-01 5.681967e-01
4.115000e+01 2.636252e-01 5.679465e-01
4.120000e+01 2.613572e-01 5.674540e-01
4.125000e+01 2.595057e-01 5.667165e-01
4.130000e+01 2.580660e-01 5.657326e-01
4.135000e+01 2.570355e-01 5.645026e-01
4.140000e+01 2.564146e-01 5.630284e-01
4.145000e+01 2.562061e-01 5.613138e-01
4.150000e+01 2.564161e-01 5.593643e-01
4.155000e+01 2.570539e-01 5.571871e-01
4.160000e+01 2.581323e-01 5.547914e-01
4.165000e+01 2.596679e-01 5.521880e-01
4.170000e+01 2.616812e-01 5.493897e-01
4.175000e+01 2.641971e-01 5.464111e-01
4.180000e+01 2.672451e-01 5.432684e-01
4.185000e+01 2.708596e-01 5.399796e-01
4.190000e+01 2.750803e-01 5.365645e-01
4.195000e+01 2.799520e-01 5.330443e-01
4.200000e+01 2.855251e-01 5.294419e-01
4.205000e+01 2.918550e-01 5.257814e-01
4.210000e+01 2.990014e-01 5.220883e-01
4.215000e+01 3.070267e-01 5.183890e-01
4.220000e+01 3.159936e-01 5.147109e-01
4.225000e+01 3.259605e-01 5.110821e-01
4.230000e+01 3.369750e-01 5.075312e-01
4.235000e+01 3.490631e-01 5.040868e-01
4.240000e+01 3.622150e-01 5.007776e-01
4.245000e+01 3.763635e-01 4.976317e-01
4.250000e+01 3.913576e-01 4.946767e-01
4.255000e+01 4.069294e-01 4.919389e-01
4.260000e+01 4.226602e-01 4.894432e-01
4.265000e+01 4.379550e-01 4.872129e-01
4.270000e+01 4.520406e-01 4.852690e-01
4.275000e+01 4.640081e-01 4.836302e-01
4.280000e+01 4.729159e-01 4.823123e-01
4.285000e+01 4.779468e-01 4.813284e-01
4.290000e+01 4.785831e-01 4.806881e-01
4.295000e+01 4.747354e-01 4.803978e-01
4.300000e+01 4.667677e-01 4.804605e-01
4.305000e+01 4.554071e-01 4.808754e-01
4.310000e+01 4.415790e-01 4.816385e-01
4.315000e+01 4.262343e-01 4.827423e-01
4.320000e+01 4.102202e-01 4.841760e-01
4.325000e+01 3.942132e-01 4.859258e-01
4.330000e+01 3.787047e-01 4.879750e-01
4.335000e+01 3.640203e-01 4.903047e-01
4.340000e+01 3.503519e-01 4.928933e-01
4.345000e+01 3.377933e-01 4.957177e-01
4.350000e+01 3.263701e-01 4.987532e-01
4.355000e+01 3.160638e-01 5.019738e-01
4.360000e+01 3.068293e-01 5.053529e-01
4.365000e+01 2.986070e-01 5.088633e-01
4.370000e+01 2.913311e-01 5.124775e-01
4.375000e+01 2.849351e-01 5.161683e-01
4.380000e+01 2.793547e-01 5.199088e-01
4.385000e+01 2.745299e-01 5.236727e-01
4.390000e+01 2.704059e-01 5.274348e-01
4.395000e+01 2.669339e-01 5.311704e-01
4.400000e+01 2.640704e-01 5.348566e-01
4.405000e+01 2.617778e-01 5.384714e-01
4.410000e+01 2.600236e-01 5.419945e-01
4.415000e+01 2.587806e-01 5.454070e-01
4.420000e+01 2.580259e-01 5.486916e-01
4.425000e+01 2.577412e-01 5.518327e-01
4.430000e+01 2.579121e-01 5.548165e-01
4.435000e+01 2.585278e-01 5.576308e-01
4.440000e+01 2.595809e-01 5.602650e-01
4.445000e+01 2.610674e-01 5.627105e-01
4.450000e+01 2.629858e-01 5.649602e-01
4.455000e+01 2.653373e-01 5.670085e-01
4.460000e+01 2.681252e-01 5.688517e-01
4.465000e+01 2.713550e-01 5.704875e-01
4.470000e+01 2.750333e-01 5.719151e-01
4.475000e+01 2.791677e-01 5.731351e-01
4.480000e+01 2.837660e-01 5.741495e-01
4.485000e+01 2.888354e-01 5.749616e-01
4.490000e+01 2.943812e-01 5.755756e-01
4.495000e+01 3.004054e-01 5.759972e-01
4.500000e+01 3.069049e-01 5.762326e-01
4.505000e+01 3.138691e-01 5.762892e-01
4.510000e+01 3.212772e-01 5.761751e-01
4.515000e+01 3.290945e-01 5.758989e-01
4.520000e+01 3.372684e-01 5.754697e-01
4.525000e+01 3.457244e-01 5.748973e-01
4.530000e+01 3.543611e-01 5.741915e-01
4.535000e+01 3.630465e-01 5.733624e-01
4.540000e+01 3.716148e-01 5.724201e-01
4.545000e+01 3.798664e-01 5.713748e-01
4.550000e+01 3.875705e-01 5.702363e-01
4.555000e+01 3.944742e-01 5.690143e-01
4.560000e+01 4.003155e-01 5.677182e-01
4.565000e+01 4.048432e-01 5.663568e-01
4.570000e+01 4.078400e-01 5.649385e-01
4.575000e+01 4.091456e-01 5.634711e-01
4.580000e+01 4.086767e-01 5.619617e-01
4.585000e+01 4.064373e-01 5.604167e-01
4.590000e+01 4.025197e-01 5.588420e-01
4.595000e+01 3.970934e-01 5.572424e-01
4.600000e+01 3.903855e-01 5.556223e-01
4.605000e+01 3.826571e-01 5.539852e-01
4.610000e+01 3.741797e-01 5.523339e-01
4.615000e+01 3.652152e-01 5.506705e-01
4.620000e+01 3.560015e-01 5.489967e-01
4.625000e+01 3.467441e-01 5.473133e-01
4.630000e+01 3.376128e-01 5.456209e-01
4.635000e+01 3.287419e-01 5.439196e-01
4.640000e+01 3.202340e-01 5.422092e-01
4.645000e+01 3.121637e-01 5.404893e-01
4.650000e+01 3.045828e-01 5.387595e-01
4.655000e+01 2.975248e-01 5.370192e-01
4.660000e+01 2.910092e-01 5.352682e-01
4.665000e+01 2.850452e-01 5.335064e-01
4.670000e+01 2.796349e-01 5.317341e-01
4.675000e+01 2.747752e-01 5.299520e-01
4.680000e+01 2.704603e-01 5.281616e-01
4.685000e+01 2.666831e-01 5.263649e-01
4.690000e+01 2.634359e-01 5.245646e-01
4.695000e+01 2.607123e-01 5.227646e-01
4.700000e+01 2.585068e-01 5.209693e-01
4.705000e+01 2.568160e-01 5.191845e-01
4.710000e+01 2.556391e-01 5.174167e-01
4.715000e+01 2.549777e-01 5.156735e-01
4.720000e+01 2.548364e-01 5.139638e-01
4.725000e+01 2.552232e-01 5.122972e-01
4.730000e+01 2.561491e-01 5.106846e-01
4.735000e+01 2.576289e-01 5.091376e-01
4.740000e+01 2.596805e-01 5.076688e-01
4.745000e+01 2.623256e-01 5.062916e-01
4.750000e+01 2.655891e-01 5.050199e-01
4.755000e+01 2.694990e-01 5.038683e-01
4.760000e+01 2.740856e-01 5.028514e-01
4.765000e+01 2.793813e-01 5.019843e-01
4.770000e+01 2.854184e-01 5.012819e-01
4.775000e+01 2.922279e-01 5.007586e-01
4.780000e+01 2.998364e-01 5.004286e-01
4.785000e+01 3.082621e-01 5.003051e-01
4.790000e+01 3.175096e-01 5.004005e-01
4.795000e+01 3.275629e-01 5.007257e-01
4.800000e+01 3.383761e-01 5.012904e-01
4.805000e+01 3.498628e-01 5.021024e-01
4.810000e+01 3.618832e-01 5.031679e-01
4.815000e+01 3.742321e-01 5.044906e-01
4.820000e+01 3.866282e-01 5.060724e-01
4.825000e+01 3.987105e-01 5.079127e-01
4.830000e+01 4.100450e-01 5.100087e-01
4.835000e+01 4.201478e-01 5.123549e-01
4.840000e+01 4.285258e-01 5.149435e-01
4.845000e+01 4.347336e-01 5.177645e-01
4.850000e+01 4.384345e-01 5.208054e-01
4.855000e+01 4.394530e-01 5.240514e-01
4.860000e+01 4.378020e-01 5.274859e-01
4.865000e+01 4.336761e-01 5.310903e-01
4.870000e+01 4.274149e-01 5.348441e-01
4.875000e+01 4.194473e-01 5.387254e-01
4.880000e+01 4.102323e-01 5.427112e-01
4.885000e+01 4.002105e-01 5.467771e-01
4.890000e+01 3.897711e-01 5.508980e-01
4.895000e+01 3.792354e-01 5.550481e-01
4.900000e+01 3.688535e-01 5.592012e-01
4.905000e+01 3.588096e-01 5.633309e-01
4.910000e+01 3.492316e-01 5.674108e-01
4.915000e+01 3.402020e-01 5.714147e-01
4.920000e+01 3.317686e-01 5.753170e-01
4.925000e+01 3.239533e-01 5.790923e-01
4.930000e+01 3.167600e-01 5.827162e-01
4.935000e+01 3.101801e-01 5.861652e-01
4.940000e+01 3.041973e-01 5.894168e-01
4.945000e+01 2.987905e-01 5.924497e-01
4.950000e+01 2.939365e-01 5.952438e-01
4.955000e+01 2.896118e-01 5.977805e-01
4.960000e+01 2.857932e-01 6.000427e-01
4.965000e+01 2.824592e-01 6.020151e-01
4.970000e+01 2.795901e-01 6.036836e-01
4.975000e+01 2.771689e-01 6.050364e-01
4.980000e+01 2.751808e-01 6.060631e-01
4.985000e+01 2.736139e-01 6.067555e-01
4.990000e+01 2.724590e-01 6.071071e-01
4.995000e+01 2.717100e-01 6.071136e-01
5.000000e+01 2.713633e-01 6.067725e-01
5.005000e+01 2.714187e-01 6.060834e-01
5.010000e+01 2.718788e-01 6.050480e-01
5.015000e+01 2.727493e-01 6.036701e-01
5.020000e+01 2.740393e-01 6.019556e-01
5.025000e+01 2.757611e-01 5.999124e-01
5.030000e+01 2.779303e-01 5.975506e-01
5.035000e+01 2.805662e-01 5.948822e-01
5.040000e+01 2.836916e-01 5.919213e-01
5.045000e+01 2.873332e-01 5.886843e-01
5.050000e+01 2.915214e-01 5.851891e-01
5.055000e+01 2.962898e-01 5.814559e-01
5.060000e+01 3.016757e-01 5.775065e-01
5.065000e+01 3.077188e-01 5.733646e-01
5.070000e+01 3.144603e-01 5.690556e-01
5.075000e+01 3.219410e-01 5.646063e-01
5.080000e+01 3.301989e-01 5.600452e-01
5.085000e+01 3.392645e-01 5.554019e-01
5.090000e+01 3.491550e-01 5.507070e-01
5.095000e+01 3.598656e-01 5.459924e-01
5.100000e+01 3.713579e-01 5.412902e-01
5.105000e+01 3.835445e-01 5.366335e-01
5.110000e+01 3.962701e-01 5.320551e-01
5.115000e+01 4.092904e-01 5.275880e-01
5.120000e+01 4.222522e-01 5.232646e-01
5.125000e+01 4.346807e-01 5.191169e-01
5.130000e+01 4.459832e-01 5.151753e-01
5.135000e+01 4.554815e-01 5.114692e-01
5.140000e+01 4.624795e-01 5.080259e-01
5.145000e+01 4.663628e-01 5.048708e-01
5.150000e+01 4.667127e-01 5.020266e-01
5.155000e+01 4.633975e-01 4.995133e-01
5.160000e+01 4.566078e-01 4.973476e-01
5.165000e+01 4.468205e-01 4.955433e-01
5.170000e+01 4.347047e-01 4.941102e-01
5.175000e+01 4.210048e-01 4.930548e-01
5.180000e+01 4.064360e-01 4.923797e-01
5.185000e+01 3.916147e-01 4.920840e-01
5.190000e+01 3.770265e-01 4.921629e-01
5.195000e+01 3.630234e-01 4.926084e-01
5.200000e+01 3.498399e-01 4.934090e-01
5.205000e+01 3.376155e-01 4.945505e-01
5.210000e+01 3.264187e-01 4.960156e-01
5.215000e+01 3.162677e-01 4.977849e-01
5.220000e+01 3.071470e-01 4.998368e-01
5.225000e+01 2.990205e-01 5.021483e-01
5.230000e+01 2.918401e-01 5.046950e-01
5.235000e+01 2.855524e-01 5.074516e-01
5.240000e+01 2.801026e-01 5.103925e-01
5.245000e+01 2.754379e-01 5.134916e-01
5.250000e+01 2.715084e-01 5.167233e-01
5.255000e+01 2.682686e-01 5.200622e-01
5.260000e+01 2.656777e-01 5.234837e-01
5.265000e+01 2.636999e-01 5.269641e-01
5.270000e+01 2.623042e-01 5.304807e-01
5.275000e+01 2.614644e-01 5.340124e-01
5.280000e+01 2.611589e-01 5.375391e-01
5.285000e+01 2.613702e-01 5.410423e-01
5.290000e+01 2.620851e-01 5.445053e-01
5.295000e+01 2.632937e-01 5.479126e-01
5.300000e+01 2.649898e-01 5.512507e-01
5.305000e+01 2.671703e-01 5.545074e-01
5.310000e+01 2.698347e-01 5.576723e-01
5.315000e+01 2.729848e-01 5.607364e-01
5.320000e+01 2.766244e-01 5.636925e-01
5.325000e+01 2.807587e-01 5.665343e-01
5.330000e+01 2.853933e-01 5.692574e-01
5.335000e+01 2.905339e-01 5.718584e-01
5.340000e+01 2.961845e-01 5.743349e-01
5.345000e+01 3.023467e-01 5.766858e-01
5.350000e+01 3.090176e-01 5.789109e-01
5.355000e+01 3.161877e-01 5.810107e-01
5.360000e+01 3.238384e-01 5.829863e-01
5.365000e+01 3.319387e-01 5.848398e-01
5.370000e+01 3.404416e-01 5.865731e-01
5.375000e+01 3.492803e-01 5.881890e-01
5.380000e+01 3.583637e-01 5.896901e-01
5.385000e+01 3.675726e-01 5.910792e-01
5.390000e+01 3.767569e-01 5.923591e-01
5.395000e+01 3.857342e-01 5.935323e-01
5.400000e+01 3.942916e-01 5.946014e-01
5.405000e+01 4.021920e-01 5.955681e-01
5.410000e+01 4.091840e-01 5.964343e-01
5.415000e+01 4.150183e-01 5.972008e-01
5.420000e+01 4.194670e-01 5.978683e-01
5.425000e+01 4.223447e-01 5.984368e-01
5.430000e+01 4.235281e-01 5.989055e-01
5.435000e+01 4.229701e-01 5.992731e-01
5.440000e+01 4.207050e-01 5.995378e-01
5.445000e+01 4.168439e-01 5.996968e-01
5.450000e+01 4.115625e-01 5.997470e-01
5.455000e+01 4.050812e-01 5.996846e-01
5.460000e+01 3.976448e-01 5.995054e-01
5.465000e+01 3.895026e-01 5.992045e-01
5.470000e+01 3.808916e-01 5.987770e-01
5.475000e+01 3.720264e-01 5.982173e-01
5.480000e+01 3.630917e-01 5.975200e-01
5.485000e+01 3.542411e-01 5.966793e-01
5.490000e+01 3.455969e-01 5.956897e-01
5.495000e+01 3.372538e-01 5.945456e-01
5.500000e+01 3.292817e-01 5.932419e-01
5.505000e+01 3.217306e-01 5.917738e-01
5.510000e+01 3.146339e-01 5.901370e-01
5.515000e+01 3.080124e-01 5.883280e-01
5.520000e+01 3.018774e-01 5.863439e-01
5.525000e+01 2.962334e-01 5.841831e-01
5.530000e+01 2.910798e-01 5.818447e-01
5.535000e+01 2.864135e-01 5.793293e-01
5.540000e+01 2.822294e-01 5.766386e-01
5.545000e+01 2.785222e-01 5.737758e-01
5.550000e+01 2.752870e-01 5.707457e-01
5.555000e+01 2.725199e-01 5.675549e-01
5.560000e+01 2.702188e-01 5.642114e-01
5.565000e+01 2.683838e-01 5.607254e-01
5.570000e+01 2.670176e-01 5.571088e-01
5.575000e+01 2.661257e-01 5.533755e-01
5.580000e+01 2.657171e-01 5.495415e-01
5.585000e+01 2.658044e-01 5.456246e-01
5.590000e+01 2.664040e-01 5.416449e-01
5.595000e+01 2.675367e-01 5.376242e-01
5.600000e+01 2.692279e-01 5.335865e-01
5.605000e+01 2.715076e-01 5.295575e-01
5.610000e+01 2.744111e-01 5.255647e-01
5.615000e+01 2.779788e-01 5.216371e-01
5.620000e+01 2.822564e-01 5.178052e-01
5.625000e+01 2.872941e-01 5.141003e-01
5.630000e+01 2.931468e-01 5.105551e-01
5.635000e+01 2.998718e-01 5.072022e-01
5.640000e+01 3.075271e-01 5.040748e-01
5.645000e+01 3.161676e-01 5.012056e-01
5.650000e+01 3.258393e-01 4.986266e-01
5.655000e+01 3.365714e-01 4.963685e-01
5.660000e+01 3.483642e-01 4.944604e-01
5.665000e+01 3.611734e-01 4.929291e-01
5.670000e+01 3.748898e-01 4.917986e-01
5.675000e+01 3.893147e-01 4.910899e-01
5.680000e+01 4.041350e-01 4.908201e-01
5.685000e+01 4.189021e-01 4.910024e-01
5.690000e+01 4.330272e-01 4.916456e-01
5.695000e+01 4.458027e-01 4.927540e-01
5.700000e+01 4.564628e-01 4.943270e-01
5.705000e+01 4.642842e-01 4.963594e-01
5.710000e+01 4.687085e-01 4.988412e-01
5.715000e+01 4.694527e-01 5.017579e-01
5.720000e+01 4.665663e-01 5.050908e-01
5.725000e+01 4.604129e-01 5.088170e-01
5.730000e+01 4.515857e-01 5.129101e-01
5.735000e+01 4.407899e-01 5.173403e-01
5.740000e+01 4.287314e-01 5.220752e-01
5.745000e+01 4.160386e-01 5.270802e-01
5.750000e+01 4.032208e-01 5.323187e-01
5.755000e+01 3.906605e-01 5.377527e-01
5.760000e+01 3.786235e-01 5.433435e-01
5.765000e+01 3.672800e-01 5.490517e-01
5.770000e+01 3.567268e-01 5.548378e-01
5.775000e+01 3.470076e-01 5.606627e-01
5.780000e+01 3.381294e-01 5.664878e-01
5.785000e+01 3.300753e-01 5.722752e-01
5.790000e+01 3.228142e-01 5.779883e-01
5.795000e+01 3.163070e-01 5.835916e-01
5.800000e+01 3.105112e-01 5.890515e-01
5.805000e+01 3.053841e-01 5.943356e-01
5.810000e+01 3.008843e-01 5.994136e-01
5.815000e+01 2.969733e-01 6.042571e-01
5.820000e+01 2.936162e-01 6.088396e-01
5.825000e+01 2.907814e-01 6.131368e-01
5.830000e+01 2.884415e-01 6.171265e-01
5.835000e+01 2.865728e-01 6.207888e-01
5.840000e+01 2.851554e-01 6.241060e-01
5.845000e+01 2.841730e-01 6.270626e-01
5.850000e+01 2.836129e-01 6.296454e-01
5.855000e+01 2.834656e-01 6.318437e-01
5.860000e+01 2.837250e-01 6.336488e-01
5.865000e+01 2.843880e-01 6.350546e-01
5.870000e+01 2.854546e-01 6.360571e-01
5.875000e+01 2.869277e-01 6.366545e-01
5.880000e+01 2.888130e-01 6.368475e-01
5.885000e+01 2.911191e-01 6.366387e-01
5.890000e+01 2.938572e-01 6.360332e-01
5.895000e+01 2.970411e-01 6.350380e-01
5.900000e+01 3.006868e-01 6.336623e-01
5.905000e+01 3.048127e-01 6.319172e-01
5.910000e+01 3.094388e-01 6.298160e-01
5.915000e+01 3.145860e-01 6.273737e-01
5.920000e+01 3.202758e-01 6.246071e-01
5.925000e+01 3.265287e-01 6.215350e-01
5.930000e+01 3.333624e-01 6.181776e-01
5.935000e+01 3.407897e-01 6.145567e-01
5.940000e+01 3.488150e-01 6.106956e-01
5.945000e+01 3.574299e-01 6.066189e-01
5.950000e+01 3.666076e-01 6.023523e-01
5.955000e+01 3.762959e-01 5.979226e-01
5.960000e+01 3.864078e-01 5.933575e-01
5.965000e+01 3.968122e-01 5.886854e-01
5.970000e+01 4.073233e-01 5.839352e-01
5.975000e+01 4.176916e-01 5.791362e-01
5.980000e+01 4.275991e-01 5.743178e-01
5.985000e+01 4.366625e-01 5.695094e-01
5.990000e+01 4.444484e-01 5.647400e-01
5.995000e+01 4.505044e-01 5.600381e-01
6.000000e+01 4.544049e-01 5.554317e-01
6.005000e+01 4.558077e-01 5.509474e-01
6.010000e+01 4.545084e-01 5.466109e-01
6.015000e+01 4.504791e-01 5.424464e-01
6.020000e+01 4.438785e-01 5.384763e-01
6.025000e+01 4.350299e-01 5.347212e-01
6.030000e+01 4.243732e-01 5.311997e-01
6.035000e+01 4.124048e-01 5.279281e-01
6.040000e+01 3.996207e-01 5.249204e-01
6.045000e+01 3.864729e-01 5.221881e-01
6.050000e+01 3.733435e-01 5.197403e-01
6.055000e+01 3.605345e-01 5.175834e-01
6.060000e+01 3.482702e-01 5.157213e-01
6.065000e+01 3.367061e-01 5.141554e-01
6.070000e+01 3.259410e-01 5.128850e-01
6.075000e+01 3.160299e-01 5.119067e-01
6.080000e+01 3.069950e-01 5.112155e-01
6.085000e+01 2.988354e-01 5.108040e-01
6.090000e+01 2.915349e-01 5.106636e-01
6.095000e+01 2.850676e-01 5.107840e-01
6.100000e+01 2.794021e-01 5.111537e-01
6.105000e+01 2.745052e-01 5.117606e-01
6.110000e+01 2.703434e-01 5.125915e-01
6.115000e+01 2.668847e-01 5.136330e-01
6.120000e+01 2.640999e-01 5.148715e-01
6.125000e+01 2.619627e-01 5.162933e-01
6.130000e+01 2.604504e-01 5.178851e-01
6.135000e+01 2.595441e-01 5.196338e-01
6.140000e+01 2.592287e-01 5.215271e-01
6.145000e+01 2.594928e-01 5.235531e-01
6.150000e+01 2.603289e-01 5.257008e-01
6.155000e+01 2.617329e-01 5.279601e-01
6.160000e+01 2.637042e-01 5.303215e-01
6.165000e+01 2.662455e-01 5.327768e-01
6.170000e+01 2.693622e-01 5.353183e-01
6.175000e+01 2.730620e-01 5.379394e-01
6.180000e+01 2.773547e-01 5.406343e-01
6.185000e+01 2.822514e-01 5.433976e-01
6.190000e+01 2.877632e-01 5.462250e-01
6.195000e+01 2.939004e-01 5.491125e-01
6.200000e+01 3.006708e-01 5.520565e-01
6.205000e+01 3.080776e-01 5.550538e-01
6.210000e+01 3.161167e-01 5.581015e-01
6.215000e+01 3.247735e-01 5.611964e-01
6.220000e+01 3.340189e-01 5.643356e-01
6.225000e+01 3.438044e-01 5.675158e-01
6.230000e+01 3.540570e-01 5.707335e-01
6.235000e+01 3.646730e-01 5.739845e-01
6.240000e+01 3.755132e-01 5.772644e-01
6.245000e+01 3.863983e-01 5.805680e-01
6.250000e+01 3.971071e-01 5.838892e-01
6.255000e+01 4.073792e-01 5.872213e-01
6.260000e+01 4.169230e-01 5.905568e-01
6.265000e+01 4.254302e-01 5.938871e-01
6.270000e+01 4.325981e-01 5.972027e-01
6.275000e+01 4.381552e-01 6.004935e-01
6.280000e+01 4.418894e-01 6.037480e-01
6.285000e+01 4.436715e-01 6.069541e-01
6.290000e+01 4.434695e-01 6.100989e-01
6.295000e+01 4.413514e-01 6.131684e-01
6.300000e+01 4.374741e-01 6.161483e-01
6.305000e+01 4.320637e-01 6.190233e-01
6.310000e+01 4.253890e-01 6.217778e-01
6.315000e+01 4.177356e-01 6.243957e-01
6.320000e+01 4.093832e-01 6.268604e-01
6.325000e+01 4.005893e-01 6.291553e-01
6.330000e+01 3.915793e-01 6.312638e-01
6.335000e+01 3.825412e-01 6.331691e-01
6.340000e+01 3.736267e-01 6.348548e-01
6.345000e+01 3.649528e-01 6.363049e-01
6.350000e+01 3.566070e-01 6.375035e-01
6.355000e+01 3.486514e-01 6.384358e-01
6.360000e+01 3.411282e-01 6.390874e-01
6.365000e+01 3.340635e-01 6.394449e-01
6.370000e+01 3.274714e-01 6.394962e-01
6.375000e+01 3.213575e-01 6.392299e-01
6.380000e+01 3.157207e-01 6.386362e-01
6.385000e+01 3.105562e-01 6.377067e-01
6.390000e+01 3.058565e-01 6.364346e-01
6.395000e+01 3.016129e-01 6.348145e-01
6.400000e+01 2.978165e-01 6.328432e-01
6.405000e+01 2.944589e-01 6.305192e-01
6.410000e+01 2.915329e-01 6.278430e-01
6.415000e+01 2.890330e-01 6.248171e-01
6.420000e+01 2.869556e-01 6.214467e-01
6.425000e+01 2.852995e-01 6.177387e-01
6.430000e+01 2.840660e-01 6.137028e-01
6.435000e+01 2.832596e-01 6.093512e-01
6.440000e+01 2.828878e-01 6.046985e-01
6.445000e+01 2.829619e-01 5.997619e-01
6.450000e+01 2.834968e-01 5.945614e-01
6.455000e+01 2.845115e-01 5.891197e-01
6.460000e+01 2.860299e-01 5.834623e-01
6.465000e+01 2.880803e-01 5.776173e-01
6.470000e+01 2.906967e-01 5.716158e-01
6.475000e+01 2.939184e-01 5.654914e-01
6.480000e+01 2.977908e-01 5.592804e-01
6.485000e+01 3.023649e-01 5.530219e-01
6.490000e+01 3.076979e-01 5.467571e-01
6.495000e+01 3.138518e-01 5.405296e-01
6.500000e+01 3.208924e-01 5.343849e-01
6.505000e+01 3.288866e-01 5.283702e-01
6.510000e+01 3.378979e-01 5.225340e-01
6.515000e+01 3.479798e-01 5.169257e-01
6.520000e+01 3.591653e-01 5.115949e-01
6.525000e+01 3.714509e-01 5.065909e-01
6.530000e+01 3.847762e-01 5.019620e-01
6.535000e+01 3.989951e-01 4.977551e-01
6.540000e+01 4.138429e-01 4.940142e-01
6.545000e+01 4.289020e-01 4.907803e-01
6.550000e+01 4.435772e-01 4.880899e-01
6.555000e+01 4.570976e-01 4.859751e-01
6.560000e+01 4.685646e-01 4.844619e-01
6.565000e+01 4.770613e-01 4.835704e-01
6.570000e+01 4.818129e-01 4.833137e-01
6.575000e+01 4.823570e-01 4.836981e-01
6.580000e+01 4.786592e-01 4.847223e-01
6.585000e+01 4.711204e-01 4.863782e-01
6.590000e+01 4.604740e-01 4.886503e-01
6.595000e+01 4.476200e-01 4.915169e-01
6.600000e+01 4.334603e-01 4.949497e-01
6.605000e+01 4.187824e-01 4.989154e-01
6.610000e+01 4.042042e-01 5.033756e-01
6.615000e+01 3.901662e-01 5.082883e-01
6.620000e+01 3.769538e-01 5.136080e-01
6.625000e+01 3.647301e-01 5.192872e-01
6.630000e+01 3.535690e-01 5.252764e-01
6.635000e+01 3.434840e-01 5.315256e-01
6.640000e+01 3.344498e-01 5.379844e-01
6.645000e+01 3.264185e-01 5.446027e-01
6.650000e+01 3.193304e-01 5.513314e-01
6.655000e+01 3.131216e-01 5.581225e-01
6.660000e+01 3.077282e-01 5.649298e-01
6.665000e+01 3.030897e-01 5.717089e-01
6.670000e+01 2.991500e-01 5.784175e-01
6.675000e+01 2.958584e-01 5.850160e-01
6.680000e+01 2.931702e-01 5.914668e-01
6.685000e+01 2.910461e-01 5.977354e-01
6.690000e+01 2.894523e-01 6.037896e-01
6.695000e+01 2.883602e-01 6.095999e-01
6.700000e+01 2.877462e-01 6.151399e-01
6.705000e+01 2.875910e-01 6.203855e-01
6.710000e+01 2.878795e-01 6.253155e-01
6.715000e+01 2.886004e-01 6.299114e-01
6.720000e+01 2.897462e-01 6.341572e-01
6.725000e+01 2.913125e-01 6.380397e-01
6.730000e+01 2.932980e-01 6.415481e-01
6.735000e+01 2.957042e-01 6.446741e-01
6.740000e+01 2.985351e-01 6.474117e-01
6.745000e+01 3.017974e-01 6.497573e-01
6.750000e+01 3.054992e-01 6.517096e-01
6.755000e+01 3.096506e-01 6.532694e-01
6.760000e+01 3.142628e-01 6.544394e-01
6.765000e+01 3.193475e-01 6.552246e-01
6.770000e+01 3.249160e-01 6.556316e-01
6.775000e+01 3.309785e-01 6.556688e-01
6.780000e+01 3.375423e-01 6.553462e-01
6.785000e+01 3.446103e-01 6.546755e-01
6.790000e+01 3.521785e-01 6.536696e-01
6.795000e+01 3.602328e-01 6.523428e-01
6.800000e+01 3.687461e-01 6.507106e-01
6.805000e+01 3.776728e-01 6.487893e-01
6.810000e+01 3.869444e-01 6.465964e-01
6.815000e+01 3.964635e-01 6.441500e-01
6.820000e+01 4.060979e-01 6.414686e-01
6.825000e+01 4.156753e-01 6.385716e-01
6.830000e+01 4.249805e-01 6.354784e-01
6.835000e+01 4.337551e-01 6.322086e-01
6.840000e+01 4.417035e-01 6.287821e-01
6.845000e+01 4.485057e-01 6.252185e-01
6.850000e+01 4.538381e-01 6.215372e-01
6.855000e+01 4.574019e-01 6.177572e-01
6.860000e+01 4.589550e-01 6.138973e-01
6.865000e+01 4.583426e-01 6.099753e-01
6.870000e+01 4.555197e-01 6.060086e-01
6.875000e+01 4.505601e-01 6.020139e-01
6.880000e+01 4.436487e-01 5.980068e-01
6.885000e+01 4.350592e-01 5.940021e-01
6.890000e+01 4.251234e-01 5.900136e-01
6.895000e+01 4.141967e-01 5.860542e-01
6.900000e+01 4.026281e-01 5.821356e-01
6.905000e+01 3.907372e-01 5.782688e-01
6.910000e+01 3.788005e-01 5.744636e-01
6.915000e+01 3.670450e-01 5.707288e-01
6.920000e+01 3.556486e-01 5.670725e-01
6.925000e+01 3.447443e-01 5.635018e-01
6.930000e+01 3.344261e-01 5.600232e-01
6.935000e+01 3.247565e-01 5.566427e-01
6.940000e+01 3.157730e-01 5.533654e-01
6.945000e+01 3.074943e-01 5.501964e-01
6.950000e+01 2.999254e-01 5.471403e-01
6.955000e+01 2.930619e-01 5.442018e-01
6.960000e+01 2.868935e-01 5.413852e-01
6.965000e+01 2.814062e-01 5.386954e-01
6.970000e+01 2.765845e-01 5.361373e-01
6.975000e+01 2.724132e-01 5.337161e-01
6.980000e+01 2.688779e-01 5.314377e-01
6.985000e+01 2.659665e-01 5.293082e-01
6.990000e+01 2.636692e-01 5.273348e-01
6.995000e+01 2.619792e-01 5.255248e-01
7.000000e+01 2.608932e-01 5.238867e-01
7.005000e+01 2.604112e-01 5.224293e-01
7.010000e+01 2.605372e-01 5.211621e-01
7.015000e+01 2.612786e-01 5.200955e-01
7.020000e+01 2.626469e-01 5.192398e-01
7.025000e+01 2.646575e-01 5.186063e-01
7.030000e+01 2.673291e-01 5.182060e-01
7.035000e+01 2.706840e-01 5.180502e-01
7.040000e+01 2.747476e-01 5.181501e-01
7.045000e+01 2.795477e-01 5.185164e-01
7.050000e+01 2.851133e-01 5.191593e-01
7.055000e+01 2.914735e-01 5.200881e-01
7.060000e+01 2.986556e-01 5.213111e-01
7.065000e+01 3.066821e-01 5.228351e-01
7.070000e+01 3.155671e-01 5.246657e-01
7.075000e+01 3.253113e-01 5.268063e-01
7.080000e+01 3.358958e-01 5.292588e-01
7.085000e+01 3.472739e-01 5.320225e-01
7.090000e+01 3.593622e-01 5.350947e-01
7.095000e+01 3.720300e-01 5.384702e-01
7.100000e+01 3.850890e-01 5.421414e-01
7.105000e+01 3.982858e-01 5.460982e-01
7.110000e+01 4.112981e-01 5.503279e-01
7.115000e+01 4.237401e-01 5.548155e-01
7.120000e+01 4.351797e-01 5.595434e-01
7.125000e+01 4.451690e-01 5.644920e-01
7.130000e+01 4.532870e-01 5.696394e-01
7.135000e+01 4.591883e-01 5.749618e-01
7.140000e+01 4.626479e-01 5.804335e-01
7.145000e+01 4.635904e-01 5.860275e-01
7.150000e+01 4.620966e-01 5.917151e-01
7.155000e+01 4.583852e-01 5.974666e-01
7.160000e+01 4.527770e-01 6.032515e-01
7.165000e+01 4.456491e-01 6.090384e-01
7.170000e+01 4.373927e-01 6.147955e-01
7.175000e+01 4.283781e-01 6.204908e-01
7.180000e+01 4.189329e-01 6.260920e-01
7.185000e+01 4.093308e-01 6.315674e-01
7.190000e+01 3.997896e-01 6.368853e-01
7.195000e+01 3.904753e-01 6.420147e-01
7.200000e+01 3.815081e-01 6.469251e-01
7.205000e+01 3.729711e-01 6.515872e-01
7.210000e+01 3.649179e-01 6.559726e-01
7.215000e+01 3.573794e-01 6.600541e-01
7.220000e+01 3.503700e-01 6.638057e-01
7.225000e+01 3.438921e-01 6.672031e-01
7.230000e+01 3.379398e-01 6.702236e-01
7.235000e+01 3.325024e-01 6.728458e-01
7.240000e+01 3.275657e-01 6.750507e-01
7.245000e+01 3.231141e-01 6.768206e-01
7.250000e+01 3.191319e-01 6.781404e-01
7.255000e+01 3.156038e-01 6.789967e-01
7.260000e+01 3.125158e-01 6.793784e-01
7.265000e+01 3.098555e-01 6.792766e-01
7.270000e+01 3.076123e-01 6.786848e-01
7.275000e+01 3.057780e-01 6.775989e-01
7.280000e+01 3.043468e-01 6.760173e-01
7.285000e+01 3.033154e-01 6.739407e-01
7.290000e+01 3.026831e-01 6.713726e-01
7.295000e+01 3.024522e-01 6.683191e-01
7.300000e+01 3.026279e-01 6.647890e-01
7.305000e+01 3.032185e-01 6.607936e-01
7.310000e+01 3.042356e-01 6.563473e-01
7.315000e+01 3.056944e-01 6.514671e-01
7.320000e+01 3.076137e-01 6.461729e-01
7.325000e+01 3.100162e-01 6.404874e-01
7.330000e+01 3.129286e-01 6.344362e-01
7.335000e+01 3.163818e-01 6.280479e-01
7.340000e+01 3.204109e-01 6.213538e-01
7.345000e+01 3.250549e-01 6.143882e-01
7.350000e+01 3.303565e-01 6.071882e-01
7.355000e+01 3.363612e-01 5.997937e-01
7.360000e+01 3.431154e-01 5.922473e-01
7.365000e+01 3.506644e-01 5.845943e-01
7.370000e+01 3.590477e-01 5.768822e-01
7.375000e+01 3.682936e-01 5.691611e-01
7.380000e+01 3.784097e-01 5.614829e-01
7.385000e+01 3.893707e-01 5.539013e-01
7.390000e+01 4.011011e-01 5.464713e-01
7.395000e+01 4.134533e-01 5.392489e-01
7.400000e+01 4.261826e-01 5.322904e-01
7.405000e+01 4.389205e-01 5.256520e-01
7.410000e+01 4.511570e-01 5.193890e-01
7.415000e+01 4.622403e-01 5.135548e-01
7.420000e+01 4.714119e-01 5.082007e-01
7.425000e+01 4.778869e-01 5.033743e-01
7.430000e+01 4.809781e-01 4.991191e-01
7.435000e+01 4.802380e-01 4.954736e-01
7.440000e+01 4.755700e-01 4.924703e-01
7.445000e+01 4.672639e-01 4.901350e-01
7.450000e+01 4.559355e-01 4.884862e-01
7.455000e+01 4.423979e-01 4.875348e-01
7.460000e+01 4.275127e-01 4.872838e-01
7.465000e+01 4.120688e-01 4.877282e-01
7.470000e+01 3.967110e-01 4.888551e-01
7.475000e+01 3.819175e-01 4.906443e-01
7.480000e+01 3.680092e-01 4.930687e-01
7.485000e+01 3.551776e-01 4.960953e-01
7.490000e+01 3.435156e-01 4.996854e-01
7.495000e+01 3.330469e-01 5.037963e-01
7.500000e+01 3.237496e-01 5.083816e-01
7.505000e+01 3.155740e-01 5.133925e-01
7.510000e+01 3.084555e-01 5.187784e-01
7.515000e+01 3.023231e-01 5.244882e-01
7.520000e+01 2.971053e-01 5.304703e-01
7.525000e+01 2.927335e-01 5.366741e-01
7.530000e+01 2.891439e-01 5.430499e-01
7.535000e+01 2.862789e-01 5.495498e-01
7.540000e+01 2.840873e-01 5.561280e-01
7.545000e+01 2.825244e-01 5.627406e-01
7.550000e+01 2.815519e-01 5.693468e-01
7.555000e+01 2.811373e-01 5.759083e-01
7.560000e+01 2.812540e-01 5.823895e-01
7.565000e+01 2.818804e-01 5.887578e-01
7.570000e+01 2.829997e-01 5.949837e-01
7.575000e+01 2.845995e-01 6.010404e-01
7.580000e+01 2.866716e-01 6.069039e-01
7.585000e+01 2.892111e-01 6.125532e-01
7.590000e+01 2.922167e-01 6.179700e-01
7.595000e+01 2.956897e-01 6.231386e-01
7.600000e+01 2.996342e-01 6.280456e-01
7.605000e+01 3.040561e-01 6.326802e-01
7.610000e+01 3.089629e-01 6.370340e-01
7.615000e+01 3.143629e-01 6.411005e-01
7.620000e+01 3.202646e-01 6.448752e-01
7.625000e+01 3.266752e-01 6.483556e-01
7.630000e+01 3.336001e-01 6.515407e-01
7.635000e+01 3.410405e-01 6.544313e-01
7.640000e+01 3.489918e-01 6.570292e-01
7.645000e+01 3.574411e-01 6.593379e-01
7.650000e+01 3.663638e-01 6.613616e-01
7.655000e+01 3.757202e-01 6.631056e-01
7.660000e+01 3.854514e-01 6.645760e-01
7.665000e+01 3.954746e-01 6.657795e-01
7.670000e+01 4.056781e-01 6.667232e-01
7.675000e+01 4.159178e-01 6.674145e-01
7.680000e+01 4.260138e-01 6.678613e-01
7.685000e+01 4.357497e-01 6.680711e-01
7.690000e+01 4.448761e-01 6.680516e-01
7.695000e+01 4.531185e-01 6.678105e-01
7.700000e+01 4.601908e-01 6.673549e-01
7.705000e+01 4.658150e-01 6.666916e-01
7.710000e+01 4.697443e-01 6.658272e-01
7.715000e+01 4.717877e-01 6.647676e-01
7.720000e+01 4.718316e-01 6.635180e-01
7.725000e+01 4.698531e-01 6.620833e-01
7.730000e+01 4.659239e-01 6.604677e-01
7.735000e+01 4.602020e-01 6.586745e-01
7.740000e+01 4.529139e-01 6.567068e-01
7.745000e+01 4.443316e-01 6.545669e-01
7.750000e+01 4.347475e-01 6.522566e-01
7.755000e+01 4.244518e-01 6.497772e-01
7.760000e+01 4.137155e-01 6.471297e-01
7.765000e+01 4.027788e-01 6.443146e-01
7.770000e+01 3.918453e-01 6.413324e-01
7.775000e+01 3.810808e-01 6.381835e-01
7.780000e+01 3.706154e-01 6.348681e-01
7.785000e+01 3.605469e-01 6.313869e-01
7.790000e+01 3.509459e-01 6.277408e-01
7.795000e+01 3.418608e-01 6.239311e-01
7.800000e+01 3.333223e-01 6.199599e-01
7.805000e+01 3.253476e-01 6.158301e-01
7.810000e+01 3.179439e-01 6.115455e-01
7.815000e+01 3.111113e-01 6.071112e-01
7.820000e+01 3.048457e-01 6.025335e-01
7.825000e+01 2.991398e-01 5.978203e-01
7.830000e+01 2.939854e-01 5.929811e-01
7.835000e+01 2.893745e-01 5.880274e-01
7.840000e+01 2.852997e-01 5.829725e-01
7.845000e+01 2.817555e-01 5.778317e-01
7.850000e+01 2.787390e-01 5.726230e-01
7.855000e+01 2.762497e-01 5.673661e-01
7.860000e+01 2.742909e-01 5.620837e-01
7.865000e+01 2.728692e-01 5.568005e-01
7.870000e+01 2.719956e-01 5.515440e-01
7.875000e+01 2.716853e-01 5.463438e-01
7.880000e+01 2.719582e-01 5.412322e-01
7.885000e+01 2.728396e-01 5.362435e-01
7.890000e+01 2.743596e-01 5.314141e-01
7.895000e+01 2.765541e-01 5.267822e-01
7.900000e+01 2.794644e-01 5.223874e-01
7.905000e+01 2.831371e-01 5.182706e-01
7.910000e+01 2.876240e-01 5.144731e-01
7.915000e+01 2.929808e-01 5.110362e-01
7.920000e+01 2.992657e-01 5.080007e-01
7.925000e+01 3.065371e-01 5.054062e-01
7.930000e+01 3.148495e-01 5.032903e-01
7.935000e+01 3.242478e-01 5.016877e-01
7.940000e+01 3.347597e-01 5.006299e-01
7.945000e+01 3.463839e-01 5.001440e-01
7.950000e+01 3.590761e-01 5.002522e-01
7.955000e+01 3.727307e-01 5.009715e-01
7.960000e+01 3.871605e-01 5.023125e-01
7.965000e+01 4.020765e-01 5.042799e-01
7.970000e+01 4.170729e-01 5.068718e-01
7.975000e+01 4.316254e-01 5.100797e-01
7.980000e+01 4.451117e-01 5.138887e-01
7.985000e+01 4.568618e-01 5.182778e-01
7.990000e+01 4.662362e-01 5.232200e-01
7.995000e+01 4.727212e-01 5.286833e-01
8.000000e+01 4.760142e-01 5.346308e-01
8.005000e+01 4.760737e-01 5.410215e-01
8.010000e+01 4.731155e-01 5.478110e-01
8.015000e+01 4.675589e-01 5.549521e-01
8.020000e+01 4.599444e-01 5.623956e-01
8.025000e+01 4.508479e-01 5.700905e-01
8.030000e+01 4.408122e-01 5.779850e-01
8.035000e+01 4.303055e-01 5.860271e-01
8.040000e+01 4.197031e-01 5.941646e-01
8.045000e+01 4.092876e-01 6.023459e-01
8.050000e+01 3.992596e-01 6.105202e-01
8.055000e+01 3.897523e-01 6.186378e-01
8.060000e+01 3.808466e-01 6.266507e-01
8.065000e+01 3.725848e-01 6.345123e-01
8.070000e+01 3.649821e-01 6.421782e-01
8.075000e+01 3.580350e-01 6.496056e-01
8.080000e+01 3.517281e-01 6.567543e-01
8.085000e+01 3.460390e-01 6.635861e-01
8.090000e+01 3.409414e-01 6.700654e-01
8.095000e+01 3.364078e-01 6.761589e-01
8.100000e+01 3.324109e-01 6.818358e-01
8.105000e+01 3.289250e-01 6.870682e-01
8.110000e+01 3.259262e-01 6.918303e-01
8.115000e+01 3.233931e-01 6.960994e-01
8.120000e+01 3.213069e-01 6.998552e-01
8.125000e+01 3.196519e-01 7.030804e-01
8.130000e+01 3.184151e-01 7.057600e-01
8.135000e+01 3.175862e-01 7.078821e-01
8.140000e+01 3.171580e-01 7.094374e-01
8.145000e+01 3.171260e-01 7.104194e-01
8.150000e+01 3.174887e-01 7.108241e-01
8.155000e+01 3.182471e-01 7.106507e-01
8.160000e+01 3.194052e-01 7.099007e-01
8.165000e+01 3.209697e-01 7.085786e-01
8.170000e+01 3.229501e-01 7.066916e-01
8.175000e+01 3.253585e-01 7.042495e-01
8.180000e+01 3.282099e-01 7.012648e-01
8.185000e+01 3.315219e-01 6.977528e-01
8.190000e+01 3.353144e-01 6.937313e-01
8.195000e+01 3.396096e-01 6.892208e-01
8.200000e+01 3.444316e-01 6.842443e-01
8.205000e+01 3.498053e-01 6.788275e-01
8.210000e+01 3.557557e-01 6.729985e-01
8.215000e+01 3.623063e-01 6.667877e-01
8.220000e+01 3.694767e-01 6.602280e-01
8.225000e+01 3.772793e-01 6.533546e-01
8.230000e+01 3.857154e-01 6.462049e-01
8.235000e+01 3.947681e-01 6.388182e-01
8.240000e+01 4.043953e-01 6.312361e-01
8.245000e+01 4.145189e-01 6.235017e-01
8.250000e+01 4.250126e-01 6.156599e-01
8.255000e+01 4.356880e-01 6.077570e-01
8.260000e+01 4.462809e-01 5.998406e-01
8.265000e+01 4.564414e-01 5.919591e-01
8.270000e+01 4.657315e-01 5.841617e-01
8.275000e+01 4.736385e-01 5.764978e-01
8.280000e+01 4.796092e-01 5.690167e-01
8.285000e+01 4.831083e-01 5.617671e-01
8.290000e+01 4.836943e-01 5.547970e-01
8.295000e+01 4.810997e-01 5.481525e-01
8.300000e+01 4.752907e-01 5.418779e-01
8.305000e+01 4.664853e-01 5.360148e-01
8.310000e+01 4.551232e-01 5.306016e-01
8.315000e+01 4.417942e-01 5.256731e-01
8.320000e+01 4.271509e-01 5.212596e-01
8.325000e+01 4.118268e-01 5.173869e-01
8.330000e+01 3.963785e-01 5.140754e-01
8.335000e+01 3.812554e-01 5.113402e-01
8.340000e+01 3.667927e-01 5.091907e-01
8.345000e+01 3.532208e-01 5.076305e-01
8.350000e+01 3.406824e-01 5.066574e-01
8.355000e+01 3.292516e-01 5.062637e-01
8.360000e+01 3.189524e-01 5.064365e-01
8.365000e+01 3.097742e-01 5.071577e-01
8.370000e+01 3.016834e-01 5.084052e-01
8.375000e+01 2.946331e-01 5.101528e-01
8.380000e+01 2.885694e-01 5.123714e-01
8.385000e+01 2.834361e-01 5.150291e-01
8.390000e+01 2.791780e-01 5.180923e-01
8.395000e+01 2.757427e-01 5.215259e-01
8.400000e+01 2.730821e-01 5.252943e-01
8.405000e+01 2.711530e-01 5.293619e-01
8.410000e+01 2.699174e-01 5.336933e-01
8.415000e+01 2.693429e-01 5.382540e-01
8.420000e+01 2.694023e-01 5.430106e-01
8.425000e+01 2.700736e-01 5.479313e-01
8.430000e+01 2.713397e-01 5.529859e-01
8.435000e+01 2.731884e-01 5.581462e-01
8.440000e+01 2.756119e-01 5.633857e-01
8.445000e+01 2.786062e-01 5.686804e-01
8.450000e+01 2.821713e-01 5.740079e-01
8.455000e+01 2.863104e-01 5.793482e-01
8.460000e+01 2.910295e-01 5.846831e-01
8.465000e+01 2.963367e-01 5.899964e-01
8.470000e+01 3.022418e-01 5.952737e-01
8.475000e+01 3.087551e-01 6.005022e-01
8.480000e+01 3.158859e-01 6.056707e-01
8.485000e+01 3.236418e-01 6.107693e-01
8.490000e+01 3.320260e-01 6.157893e-01
8.495000e+01 3.410354e-01 6.207233e-01
8.500000e+01 3.506570e-01 6.255643e-01
8.505000e+01 3.608650e-01 6.303064e-01
8.510000e+01 3.716156e-01 6.349440e-01
8.515000e+01 3.828427e-01 6.394720e-01
8.520000e+01 3.944521e-01 6.438853e-01
8.525000e+01 4.063163e-01 6.481790e-01
8.530000e+01 4.182697e-01 6.523482e-01
8.535000e+01 4.301062e-01 6.563875e-01
8.540000e+01 4.415788e-01 6.602915e-01
8.545000e+01 4.524053e-01 6.640541e-01
8.550000e+01 4.622785e-01 6.676689e-01
8.555000e+01 4.708839e-01 6.711287e-01
8.560000e+01 4.779228e-01 6.744260e-01
8.565000e+01 4.831384e-01 6.775522e-01
8.570000e+01 4.863424e-01 6.804984e-01
8.575000e+01 4.874348e-01 6.832549e-01
8.580000e+01 4.864150e-01 6.858114e-01
8.585000e+01 4.833802e-01 6.881568e-01
8.590000e+01 4.785127e-01 6.902796e-01
8.595000e+01 4.720583e-01 6.921679e-01
8.600000e+01 4.643007e-01 6.938091e-01
8.605000e+01 4.555360e-01 6.951904e-01
8.610000e+01 4.460522e-01 6.962990e-01
8.615000e+01 4.361129e-01 6.971216e-01
8.620000e+01 4.259489e-01 6.976452e-01
8.625000e+01 4.157536e-01 6.978569e-01
8.630000e+01 4.056830e-01 6.977441e-01
8.635000e+01 3.958589e-01 6.972945e-01
8.640000e+01 3.863725e-01 6.964966e-01
8.645000e+01 3.772897e-01 6.953395e-01
8.650000e+01 3.686553e-01 6.938133e-01
8.655000e+01 3.604979e-01 6.919091e-01
8.660000e+01 3.528335e-01 6.896192e-01
8.665000e+01 3.456687e-01 6.869374e-01
8.670000e+01 3.390032e-01 6.838590e-01
8.675000e+01 3.328326e-01 6.803810e-01
8.680000e+01 3.271493e-01 6.765023e-01
8.685000e+01 3.219445e-01 6.722239e-01
8.690000e+01 3.172090e-01 6.675489e-01
8.695000e+01 3.129339e-01 6.624829e-01
8.700000e+01 3.091116e-01 6.570339e-01
8.705000e+01 3.057362e-01 6.512126e-01
8.710000e+01 3.028037e-01 6.450328e-01
8.715000e+01 3.003131e-01 6.385109e-01
8.720000e+01 2.982661e-01 6.316669e-01
8.725000e+01 2.966675e-01 6.245237e-01
8.730000e+01 2.955261e-01 6.171079e-01
8.735000e+01 2.948547e-01 6.094495e-01
8.740000e+01 2.946704e-01 6.015824e-01
8.745000e+01 2.949953e-01 5.935442e-01
8.750000e+01 2.958567e-01 5.853762e-01
8.755000e+01 2.972880e-01 5.771239e-01
8.760000e+01 2.993285e-01 5.688363e-01
8.765000e+01 3.020242e-01 5.605665e-01
8.770000e+01 3.054281e-01 5.523713e-01
8.775000e+01 3.095997e-01 5.443109e-01
8.780000e+01 3.146048e-01 5.364486e-01
8.785000e+01 3.205143e-01 5.288504e-01
8.790000e+01 3.274014e-01 5.215847e-01
8.795000e+01 3.353376e-01 5.147208e-01
8.800000e+01 3.443859e-01 5.083289e-01
8.805000e+01 3.545904e-01 5.024784e-01
8.810000e+01 3.659612e-01 4.972369e-01
8.815000e+01 3.784536e-01 4.926689e-01
8.820000e+01 3.919409e-01 4.888340e-01
8.825000e+01 4.061830e-01 4.857860e-01
8.830000e+01 4.207948e-01 4.835709e-01
8.835000e+01 4.352249e-01 4.822257e-01
8.840000e+01 4.487601e-01 4.817775e-01
8.845000e+01 4.605727e-01 4.822423e-01
8.850000e+01 4.698215e-01 4.836246e-01
8.855000e+01 4.757954e-01 4.859173e-01
8.860000e+01 4.780598e-01 4.891017e-01
8.865000e+01 4.765528e-01 4.931484e-01
8.870000e+01 4.715899e-01 4.980178e-01
8.875000e+01 4.637760e-01 5.036617e-01
8.880000e+01 4.538669e-01 5.100243e-01
8.885000e+01 4.426322e-01 5.170436e-01
8.890000e+01 4.307557e-01 5.246529e-01
8.895000e+01 4.187857e-01 5.327824e-01
8.900000e+01 4.071249e-01 5.413600e-01
8.905000e+01 3.960451e-01 5.503128e-01
8.910000e+01 3.857124e-01 5.595681e-01
8.915000e+01 3.762143e-01 5.690539e-01
8.920000e+01 3.675829e-01 5.787001e-01
8.925000e+01 3.598141e-01 5.884385e-01
8.930000e+01 3.528807e-01 5.982038e-01
8.935000e+01 3.467433e-01 6.079335e-01
8.940000e+01 3.413561e-01 6.175683e-01
8.945000e+01 3.366719e-01 6.270524e-01
8.950000e+01 3.326445e-01 6.363333e-01
8.955000e+01 3.292307e-01 6.453622e-01
8.960000e+01 3.263911e-01 6.540937e-01
8.965000e+01 3.240904e-01 6.624861e-01
8.970000e+01 3.222980e-01 6.705011e-01
8.975000e+01 3.209873e-01 6.781040e-01
8.980000e+01 3.201360e-01 6.852635e-01
8.985000e+01 3.197260e-01 6.919518e-01
8.990000e+01 3.197426e-01 6.981442e-01
8.995000e+01 3.201751e-01 7.038194e-01
9.000000e+01 3.210157e-01 7.089594e-01
9.005000e+01 3.222602e-01 7.135491e-01
9.010000e+01 3.239070e-01 7.175767e-01
9.015000e+01 3.259574e-01 7.210331e-01
9.020000e+01 3.284155e-01 7.239125e-01
9.025000e+01 3.312877e-01 7.262115e-01
9.030000e+01 3.345827e-01 7.279297e-01
9.035000e+01 3.383113e-01 7.290695e-01
9.040000e+01 3.424860e-01 7.296356e-01
9.045000e+01 3.471206e-01 7.296354e-01
9.050000e+01 3.522300e-01 7.290787e-01
9.055000e+01 3.578291e-01 7.279776e-01
9.060000e+01 3.639322e-01 7.263466e-01
9.065000e+01 3.705514e-01 7.242021e-01
9.070000e+01 3.776952e-01 7.215628e-01
9.075000e+01 3.853663e-01 7.184491e-01
9.080000e+01 3.935582e-01 7.148834e-01
9.085000e+01 4.022518e-01 7.108898e-01
9.090000e+01 4.114105e-01 7.064939e-01
9.095000e+01 4.209743e-01 7.017228e-01
9.100000e+01 4.308531e-01 6.966050e-01
9.105000e+01 4.409189e-01 6.911701e-01
9.110000e+01 4.509982e-01 6.854488e-01
9.115000e+01 4.608659e-01 6.794727e-01
9.120000e+01 4.702411e-01 6.732740e-01
9.125000e+01 4.787898e-01 6.668857e-01
9.130000e+01 4.861350e-01 6.603409e-01
9.135000e+01 4.918784e-01 6.536733e-01
9.140000e+01 4.956324e-01 6.469164e-01
9.145000e+01 4.970627e-01 6.401036e-01
9.150000e+01 4.959322e-01 6.332681e-01
9.155000e+01 4.921389e-01 6.264424e-01
9.160000e+01 4.857372e-01 6.196585e-01
9.165000e+01 4.769355e-01 6.129475e-01
9.170000e+01 4.660714e-01 6.063394e-01
9.175000e+01 4.535696e-01 5.998630e-01
9.180000e+01 4.398937e-01 5.935457e-01
9.185000e+01 4.255013e-01 5.874135e-01
9.190000e+01 4.108097e-01 5.814907e-01
9.195000e+01 3.961753e-01 5.757997e-01
9.200000e+01 3.818853e-01 5.703612e-01
9.205000e+01 3.681581e-01 5.651940e-01
9.210000e+01 3.551505e-01 5.603146e-01
9.215000e+01 3.429673e-01 5.557380e-01
9.220000e+01 3.316717e-01 5.514767e-01
9.225000e+01 3.212951e-01 5.475416e-01
9.230000e+01 3.118457e-01 5.439417e-01
9.235000e+01 3.033157e-01 5.406839e-01
9.240000e+01 2.956863e-01 5.377738e-01
9.245000e+01 2.889329e-01 5.352151e-01
9.250000e+01 2.830273e-01 5.330104e-01
9.255000e+01 2.779409e-01 5.311608e-01
9.260000e+01 2.736458e-01 5.296663e-01
9.265000e+01 2.701164e-01 5.285262e-01
9.270000e+01 2.673297e-01 5.277388e-01
9.275000e+01 2.652668e-01 5.273020e-01
9.280000e+01 2.639121e-01 5.272129e-01
9.285000e+01 2.632544e-01 5.274684e-01
9.290000e+01 2.632868e-01 5.280653e-01
9.295000e+01 2.640064e-01 5.289998e-01
9.300000e+01 2.654148e-01 5.302684e-01
9.305000e+01 2.675177e-01 5.318669e-01
9.310000e+01 2.703247e-01 5.337916e-01
9.315000e+01 2.738493e-01 5.360379e-01
9.320000e+01 2.781084e-01 5.386016e-01
9.325000e+01 2.831217e-01 5.414779e-01
9.330000e+01 2.889112e-01 5.446614e-01
9.335000e+01 2.954998e-01 5.481466e-01
9.340000e+01 3.029102e-01 5.519270e-01
9.345000e+01 3.111627e-01 5.559956e-01
9.350000e+01 3.202727e-01 5.603442e-01
9.355000e+01 3.302470e-01 5.649640e-01
9.360000e+01 3.410796e-01 5.698448e-01
9.365000e+01 3.527455e-01 5.749752e-01
9.370000e+01 3.651945e-01 5.803426e-01
9.375000e+01 3.783425e-01 5.859330e-01
9.380000e+01 3.920632e-01 5.917308e-01
9.385000e+01 4.061796e-01 5.977192e-01
9.390000e+01 4.204570e-01 6.038796e-01
9.395000e+01 4.345999e-01 6.101922e-01
9.400000e+01 4.482558e-01 6.166356e-01
9.405000e+01 4.610272e-01 6.231870e-01
9.410000e+01 4.724953e-01 6.298223e-01
9.415000e+01 4.822528e-01 6.365161e-01
9.420000e+01 4.899441e-01 6.432420e-01
9.425000e+01 4.953046e-01 6.499723e-01
9.430000e+01 4.981923e-01 6.566786e-01
9.435000e+01 4.986018e-01 6.633316e-01
9.440000e+01 4.966610e-01 6.699014e-01
9.445000e+01 4.926080e-01 6.763576e-01
9.450000e+01 4.867580e-01 6.826694e-01
9.455000e+01 4.794652e-01 6.888061e-01
9.460000e+01 4.710890e-01 6.947366e-01
9.465000e+01 4.619673e-01 7.004302e-01
9.470000e+01 4.523998e-01 7.058565e-01
9.475000e+01 4.426393e-01 7.109855e-01
9.480000e+01 4.328903e-01 7.157878e-01
9.485000e+01 4.233117e-01 7.202349e-01
9.490000e+01 4.140226e-01 7.242992e-01
9.495000e+01 4.051083e-01 7.279541e-01
9.500000e+01 3.966269e-01 7.311744e-01
9.505000e+01 3.886154e-01 7.339362e-01
9.510000e+01 3.810944e-01 7.362169e-01
9.515000e+01 3.740726e-01 7.379959e-01
9.520000e+01 3.675500e-01 7.392542e-01
9.525000e+01 3.615211e-01 7.399748e-01
9.530000e+01 3.559763e-01 7.401424e-01
9.535000e+01 3.509041e-01 7.397444e-01
9.540000e+01 3.462919e-01 7.387699e-01
9.545000e+01 3.421272e-01 7.372107e-01
9.550000e+01 3.383981e-01 7.350610e-01
9.555000e+01 3.350939e-01 7.323177e-01
9.560000e+01 3.322056e-01 7.289801e-01
9.565000e+01 3.297261e-01 7.250505e-01
9.570000e+01 3.276504e-01 7.205341e-01
9.575000e+01 3.259759e-01 7.154392e-01
9.580000e+01 3.247028e-01 7.097769e-01
9.585000e+01 3.238340e-01 7.035617e-01
9.590000e+01 3.233755e-01 6.968116e-01
9.595000e+01 3.233366e-01 6.895478e-01
9.600000e+01 3.237300e-01 6.817949e-01
9.605000e+01 3.245723e-01 6.735815e-01
9.610000e+01 3.258842e-01 6.649397e-01
9.615000e+01 3.276907e-01 6.559055e-01
9.620000e+01 3.300212e-01 6.465189e-01
9.625000e+01 3.329101e-01 6.368240e-01
9.630000e+01 3.363965e-01 6.268689e-01
9.635000e+01 3.405241e-01 6.167061e-01
9.640000e+01 3.453407e-01 6.063920e-01
9.645000e+01 3.508967e-01 5.959877e-01
9.650000e+01 3.572435e-01 5.855581e-01
9.655000e+01 3.644292e-01 5.751723e-01
9.660000e+01 3.724936e-01 5.649035e-01
9.665000e+01 3.814591e-01 5.548280e-01
9.670000e+01 3.913180e-01 5.450255e-01
9.675000e+01 4.020157e-01 5.355780e-01
9.680000e+01 4.134266e-01 5.265693e-01
9.685000e+01 4.253269e-01 5.180837e-01
9.690000e+01 4.373655e-01 5.102050e-01
9.695000e+01 4.490411e-01 5.030147e-01
9.700000e+01 4.596998e-01 4.965909e-01
9.705000e+01 4.685709e-01 4.910060e-01
9.710000e+01 4.748532e-01 4.863249e-01
9.715000e+01 4.778512e-01 4.826034e-01
9.720000e+01 4.771288e-01 4.798863e-01
9.725000e+01 4.726253e-01 4.782056e-01
9.730000e+01 4.646815e-01 4.775800e-01
9.735000e+01 4.539613e-01 4.780137e-01
9.740000e+01 4.413042e-01 4.794966e-01
9.745000e+01 4.275675e-01 4.820044e-01
9.750000e+01 4.135078e-01 4.854998e-01
9.755000e+01 3.997189e-01 4.899335e-01
9.760000e+01 3.866207e-01 4.952462e-01
9.765000e+01 3.744781e-01 5.013702e-01
9.770000e+01 3.634332e-01 5.082315e-01
9.775000e+01 3.535398e-01 5.157514e-01
9.780000e+01 3.447918e-01 5.238487e-01
9.785000e+01 3.371468e-01 5.324409e-01
9.790000e+01 3.305417e-01 5.414460e-01
9.795000e+01 3.249041e-01 5.507833e-01
9.800000e+01 3.201601e-01 5.603744e-01
9.805000e+01 3.162379e-01 5.701441e-01
9.810000e+01 3.130712e-01 5.800209e-01
9.815000e+01 3.105999e-01 5.899371e-01
9.820000e+01 3.087712e-01 5.998294e-01
9.825000e+01 3.075390e-01 6.096389e-01
9.830000e+01 3.068640e-01 6.193111e-01
9.835000e+01 3.067134e-01 6.287960e-01
9.840000e+01 3.070602e-01 6.380479e-01
9.845000e+01 3.078826e-01 6.470254e-01
9.850000e+01 3.091640e-01 6.556914e-01
9.855000e+01 3.108923e-01 6.640127e-01
9.860000e+01 3.130591e-01 6.719601e-01
9.865000e+01 3.156601e-01 6.795079e-01
9.870000e+01 3.186943e-01 6.866344e-01
9.875000e+01 3.221635e-01 6.933209e-01
9.880000e+01 3.260725e-01 6.995522e-01
9.885000e+01 3.304283e-01 7.053161e-01
9.890000e+01 3.352398e-01 7.106035e-01
9.895000e+01 3.405174e-01 7.154078e-01
9.900000e+01 3.462726e-01 7.197252e-01
9.905000e+01 3.525169e-01 7.235544e-01
9.910000e+01 3.592613e-01 7.268964e-01
9.915000e+01 3.665150e-01 7.297542e-01
9.920000e+01 3.742838e-01 7.321329e-01
9.925000e+01 3.825683e-01 7.340395e-01
9.930000e+01 3.913618e-01 7.354825e-01
9.935000e+01 4.006468e-01 7.364721e-01
9.940000e+01 4.103917e-01 7.370196e-01
9.945000e+01 4.205467e-01 7.371377e-01
9.950000e+01 4.310384e-01 7.368400e-01
9.955000e+01 4.417647e-01 7.361412e-01
9.960000e+01 4.525894e-01 7.350564e-01
9.965000e+01 4.633375e-01 7.336015e-01
9.970000e+01 4.737921e-01 7.317927e-01
9.975000e+01 4.836948e-01 7.296465e-01
9.980000e+01 4.927504e-01 7.271795e-01
9.985000e+01 5.006381e-01 7.244084e-01
9.990000e+01 5.070300e-01 7.213497e-01
9.995000e+01 5.116155e-01 7.180196e-01
1.000000e+02 5.141311e-01 7.144342e-01
