0.22 98 96 8
0.24 98 99 100
0.26 98 99 100
0.28 98 99 100
0.3 97 97 99
0.32 97 97 99
0.34 97 97 97
0.36 97 96 53
0.38 96 96 0
0.4 96 6 0
0.42 96 0 0
0.44 35 0 0
0.46 89 0 0
0.48 90 4 0
0.5 94 73 0
0.52 94 86 49
0.54 94 87 72
0.56 94 89 82
0.58 94 90 86
0.6 94 90 87
0.62 95 90 87
0.64 95 91 90
0.66 95 94 90
0.68 95 94 90
0.7 95 94 90
0.72 95 94 90
0.74 95 94 92
0.76 95 94 92
0.78 95 94 92
0.8 95 94 92
0.82 96 94 93
0.84 96 94 93
0.86 96 94 93
0.88 96 94 94
0.9 96 94 94
0.92 96 94 94
0.94 96 94 94
0.96 96 94 94
0.98 96 94 94
1 96 94 94
1.02 96 95 94
1.04 96 95 94
1.06 96 95 94
1.08 96 95 94
1.1 96 96 94
1.12 96 96 94
1.14 96 96 94
1.16 96 96 94
1.18 96 96 94
1.2 96 96 96
1.22 96 96 96
1.24 96 96 96
1.26 96 96 96
1.28 96 96 96
1.3 96 96 96
1.32 96 96 96
1.34 96 96 96
1.36 96 96 96
1.38 96 96 95
1.4 96 96 95
1.42 96 96 95
1.44 96 96 95
1.46 96 96 95
1.48 96 96 95
1.5 96 96 95
1.52 96 96 95
1.54 96 96 95
1.56 96 96 95
1.58 96 96 95
1.6 96 96 95
1.62 96 96 95
1.64 96 96 95
1.66 96 96 95
1.68 96 96 95
1.7 96 96 95
1.72 96 96 96
1.74 96 96 96
1.76 96 96 96
1.78 96 96 96
1.8 96 96 96
1.82 96 96 96
1.84 96 96 96
1.86 96 96 96
1.88 96 96 96
1.9 96 96 96
1.92 96 96 96
1.94 96 96 96
1.96 96 96 96
1.98 96 96 96
2 96 96 96
2.02 96 96 96
2.04 96 96 96
2.06 96 96 96
2.08 96 96 96
2.1 96 96 96
2.12 96 96 96
2.14 96 96 96
2.16 96 96 96
2.18 96 96 96
2.2 96 96 96
2.22 96 96 96
2.24 96 96 96
2.26 96 96 96
2.28 96 96 96
2.3 96 96 96
2.32 96 96 96
2.34 96 96 96
2.36 96 96 96
2.38 96 96 96
2.4 96 96 96
2.42 96 96 96
2.44 96 96 96
2.46 96 96 96
2.48 96 96 96
